Date,Open,High,Low,Close,Volume,OpenInterest,Close_Spot,T_Annual,IV,Delta,Gamma,Theta,Vega
2026-10-01 09:03:00,14.15,14.15,14.15,14.15,20,87,288.1,0.0547945205479452,,,,,
2026-10-01 09:04:00,14.15,14.15,14.15,14.15,0,87,288.0,0.0547945205479452,,,,,
2026-10-01 09:05:00,14.15,14.15,14.15,14.15,0,87,288.0,0.0547945205479452,,,,,
2026-10-01 09:06:00,14.15,14.15,14.15,14.15,0,87,287.6,0.0547945205479452,,,,,
2026-10-01 09:07:00,14.15,14.15,14.15,14.15,0,87,287.8,0.0547945205479452,,,,,
2026-10-01 09:08:00,14.15,14.15,14.15,14.15,0,87,287.8,0.0547945205479452,,,,,
2026-10-01 09:09:00,14.15,14.15,14.15,14.15,0,87,287.8,0.0547945205479452,,,,,
2026-10-01 09:10:00,14.15,14.15,14.15,14.15,0,87,287.9,0.0547945205479452,,,,,
2026-10-01 09:11:00,14.65,14.65,14.65,14.65,1,87,287.6,0.0547945205479452,,,,,
2026-10-01 09:12:00,14.65,14.65,14.65,14.65,0,87,287.6,0.0547945205479452,,,,,
2026-10-01 09:13:00,14.65,14.65,14.65,14.65,0,87,287.5,0.0547945205479452,,,,,
2026-10-01 09:14:00,14.65,14.65,14.65,14.65,0,87,287.5,0.0547945205479452,,,,,
2026-10-01 09:15:00,14.65,14.65,14.65,14.65,0,87,287.5,0.0547945205479452,,,,,
2026-10-01 09:16:00,14.65,14.65,14.65,14.65,0,87,287.5,0.0547945205479452,,,,,
2026-10-01 09:17:00,14.65,14.65,14.65,14.65,0,87,287.2,0.0547945205479452,,,,,
2026-10-01 09:18:00,14.65,14.65,14.65,14.65,0,87,287.4,0.0547945205479452,,,,,
2026-10-01 09:19:00,14.65,14.65,14.65,14.65,0,87,287.4,0.0547945205479452,,,,,
2026-10-01 09:20:00,14.65,14.65,14.65,14.65,0,87,287.3,0.0547945205479452,,,,,
2026-10-01 09:21:00,14.65,14.65,14.65,14.65,0,87,287.4,0.0547945205479452,,,,,
2026-10-01 09:22:00,14.65,14.65,14.65,14.65,0,87,287.6,0.0547945205479452,,,,,
2026-10-01 09:23:00,14.65,14.65,14.65,14.65,0,87,287.5,0.0547945205479452,,,,,
2026-10-01 09:24:00,14.65,14.65,14.65,14.65,0,87,287.4,0.0547945205479452,,,,,
2026-10-01 09:25:00,14.65,14.65,14.65,14.65,0,87,287.5,0.0547945205479452,,,,,
2026-10-01 09:26:00,15.35,15.35,15.35,15.35,1,88,287.4,0.0547945205479452,,,,,
2026-10-01 09:27:00,15.35,15.35,15.35,15.35,2,87,287.5,0.0547945205479452,,,,,
2026-10-01 09:28:00,15.35,15.35,15.35,15.35,0,87,287.3,0.0547945205479452,,,,,
2026-10-01 09:29:00,15.35,15.35,15.35,15.35,0,87,287.4,0.0547945205479452,,,,,
2026-10-01 09:30:00,15.35,15.35,15.35,15.35,0,87,287.3,0.0547945205479452,,,,,
2026-10-01 09:31:00,15.35,15.35,15.35,15.35,0,87,287.3,0.0547945205479452,,,,,
2026-10-01 09:32:00,15.4,15.4,15.4,15.4,2,87,287.1,0.0547945205479452,,,,,
2026-10-01 09:33:00,15.5,15.5,15.5,15.5,1,85,287.1,0.0547945205479452,,,,,
2026-10-01 09:34:00,15.55,15.55,15.55,15.55,15,85,287.2,0.0547945205479452,,,,,
2026-10-01 09:35:00,15.55,15.55,15.55,15.55,4,85,287.2,0.0547945205479452,,,,,
2026-10-01 09:36:00,15.55,15.55,15.55,15.55,0,85,287.2,0.0547945205479452,,,,,
2026-10-01 09:37:00,15.55,15.55,15.55,15.55,0,85,287.2,0.0547945205479452,,,,,
2026-10-01 09:38:00,15.55,15.55,15.55,15.55,0,85,287.3,0.0547945205479452,,,,,
2026-10-01 09:39:00,15.55,15.55,15.55,15.55,0,85,287.4,0.0547945205479452,,,,,
2026-10-01 09:40:00,15.55,15.55,15.55,15.55,0,85,287.4,0.0547945205479452,,,,,
2026-10-01 09:41:00,15.55,15.55,15.55,15.55,0,85,287.4,0.0547945205479452,,,,,
2026-10-01 09:42:00,15.55,15.55,15.55,15.55,0,85,287.3,0.0547945205479452,,,,,
2026-10-01 09:43:00,15.55,15.55,15.55,15.55,0,85,287.1,0.0547945205479452,,,,,
2026-10-01 09:44:00,15.55,15.55,15.55,15.55,0,85,287.3,0.0547945205479452,,,,,
2026-10-01 09:45:00,15.55,15.55,15.55,15.55,0,85,287.5,0.0547945205479452,,,,,
2026-10-01 09:46:00,15.55,15.55,15.55,15.55,0,85,287.5,0.0547945205479452,,,,,
2026-10-01 09:47:00,15.55,15.55,15.55,15.55,0,85,287.3,0.0547945205479452,,,,,
2026-10-01 09:48:00,15.55,15.55,15.55,15.55,0,85,287.4,0.0547945205479452,,,,,
2026-10-01 09:49:00,15.55,15.55,15.55,15.55,0,85,287.5,0.0547945205479452,,,,,
2026-10-01 09:50:00,15.55,15.55,15.55,15.55,0,85,287.4,0.0547945205479452,,,,,
2026-10-01 09:51:00,15.55,15.55,15.55,15.55,0,85,287.4,0.0547945205479452,,,,,
2026-10-01 09:52:00,15.55,15.55,15.55,15.55,0,85,287.4,0.0547945205479452,,,,,
2026-10-01 09:53:00,15.55,15.55,15.55,15.55,0,85,287.4,0.0547945205479452,,,,,
2026-10-01 09:54:00,15.55,15.55,15.55,15.55,0,85,287.4,0.0547945205479452,,,,,
2026-10-01 09:55:00,15.55,15.55,15.55,15.55,0,85,287.4,0.0547945205479452,,,,,
2026-10-01 09:56:00,15.55,15.55,15.55,15.55,0,85,287.4,0.0547945205479452,,,,,
2026-10-01 09:57:00,15.55,15.55,15.55,15.55,0,85,287.4,0.0547945205479452,,,,,
2026-10-01 09:58:00,15.55,15.55,15.55,15.55,0,85,287.5,0.0547945205479452,,,,,
2026-10-01 09:59:00,15.55,15.55,15.55,15.55,0,85,287.4,0.0547945205479452,,,,,
2026-10-01 10:00:00,15.55,15.55,15.55,15.55,0,85,287.3,0.0547945205479452,,,,,
2026-10-01 10:01:00,15.55,15.55,15.55,15.55,0,85,287.4,0.0547945205479452,,,,,
2026-10-01 10:02:00,15.55,15.55,15.55,15.55,0,85,287.3,0.0547945205479452,,,,,
2026-10-01 10:03:00,15.55,15.55,15.55,15.55,0,85,287.5,0.0547945205479452,,,,,
2026-10-01 10:04:00,15.55,15.55,15.55,15.55,0,85,287.4,0.0547945205479452,,,,,
2026-10-01 10:05:00,15.55,15.55,15.55,15.55,0,85,287.4,0.0547945205479452,,,,,
2026-10-01 10:06:00,15.55,15.55,15.55,15.55,0,85,287.6,0.0547945205479452,,,,,
2026-10-01 10:07:00,15.55,15.55,15.55,15.55,0,85,287.5,0.0547945205479452,,,,,
2026-10-01 10:08:00,15.55,15.55,15.55,15.55,0,85,287.6,0.0547945205479452,,,,,
2026-10-01 10:09:00,15.55,15.55,15.55,15.55,0,85,287.7,0.0547945205479452,,,,,
2026-10-01 10:10:00,15.55,15.55,15.55,15.55,0,85,287.7,0.0547945205479452,,,,,
2026-10-01 10:11:00,15.55,15.55,15.55,15.55,0,85,287.7,0.0547945205479452,,,,,
2026-10-01 10:12:00,15.55,15.55,15.55,15.55,0,85,287.6,0.0547945205479452,,,,,
2026-10-01 10:13:00,15.55,15.55,15.55,15.55,0,85,287.6,0.0547945205479452,,,,,
2026-10-01 10:14:00,15.55,15.55,15.55,15.55,0,85,287.6,0.0547945205479452,,,,,
2026-10-01 10:15:00,15.55,15.55,15.55,15.55,0,85,287.7,0.0547945205479452,,,,,
2026-10-01 10:16:00,15.55,15.55,15.55,15.55,0,85,287.9,0.0547945205479452,,,,,
2026-10-01 10:17:00,15.55,15.55,15.55,15.55,0,85,287.8,0.0547945205479452,,,,,
2026-10-01 10:18:00,15.55,15.55,15.55,15.55,0,85,287.8,0.0547945205479452,,,,,
2026-10-01 10:19:00,15.55,15.55,15.55,15.55,0,85,287.7,0.0547945205479452,,,,,
2026-10-01 10:20:00,15.3,15.3,15.3,15.3,2,83,287.7,0.0547945205479452,,,,,
2026-10-01 10:21:00,15.3,15.3,15.3,15.3,0,83,287.6,0.0547945205479452,,,,,
2026-10-01 10:22:00,15.3,15.3,15.3,15.3,0,83,287.5,0.0547945205479452,,,,,
2026-10-01 10:23:00,15.3,15.3,15.3,15.3,0,83,287.5,0.0547945205479452,,,,,
2026-10-01 10:24:00,15.3,15.3,15.3,15.3,0,83,287.5,0.0547945205479452,,,,,
2026-10-01 10:25:00,15.3,15.3,15.3,15.3,0,83,287.5,0.0547945205479452,,,,,
2026-10-01 10:26:00,15.3,15.3,15.3,15.3,0,83,287.6,0.0547945205479452,,,,,
2026-10-01 10:27:00,15.3,15.3,15.3,15.3,0,83,287.7,0.0547945205479452,,,,,
2026-10-01 10:28:00,15.3,15.3,15.3,15.3,0,83,287.6,0.0547945205479452,,,,,
2026-10-01 10:29:00,15.3,15.3,15.3,15.3,0,83,287.5,0.0547945205479452,,,,,
2026-10-01 10:30:00,15.5,15.5,15.5,15.5,2,82,287.4,0.0547945205479452,,,,,
2026-10-01 10:31:00,15.5,15.5,15.5,15.5,0,82,287.4,0.0547945205479452,,,,,
2026-10-01 10:32:00,15.5,15.5,15.5,15.5,0,82,287.4,0.0547945205479452,,,,,
2026-10-01 10:33:00,15.5,15.5,15.5,15.5,0,82,287.5,0.0547945205479452,,,,,
2026-10-01 10:34:00,15.5,15.5,15.5,15.5,0,82,287.4,0.0547945205479452,,,,,
2026-10-01 10:35:00,15.5,15.5,15.5,15.5,0,82,287.5,0.0547945205479452,,,,,
2026-10-01 10:36:00,15.5,15.5,15.5,15.5,0,82,287.5,0.0547945205479452,,,,,
2026-10-01 10:37:00,15.5,15.5,15.5,15.5,0,82,287.4,0.0547945205479452,,,,,
2026-10-01 10:38:00,15.5,15.5,15.5,15.5,0,82,287.3,0.0547945205479452,,,,,
2026-10-01 10:39:00,15.55,15.55,15.55,15.55,2,82,287.3,0.0547945205479452,,,,,
2026-10-01 10:40:00,15.55,15.55,15.55,15.55,0,82,287.5,0.0547945205479452,,,,,
2026-10-01 10:41:00,15.55,15.55,15.55,15.55,0,82,287.3,0.0547945205479452,,,,,
2026-10-01 10:42:00,15.55,15.55,15.55,15.55,0,82,287.3,0.0547945205479452,,,,,
2026-10-01 10:43:00,15.45,15.45,15.45,15.45,5,78,287.4,0.0547945205479452,,,,,
2026-10-01 10:44:00,15.45,15.45,15.45,15.45,0,78,287.5,0.0547945205479452,,,,,
2026-10-01 10:45:00,15.45,15.45,15.45,15.45,0,78,287.5,0.0547945205479452,,,,,
2026-10-01 10:46:00,15.45,15.45,15.45,15.45,0,78,287.4,0.0547945205479452,,,,,
2026-10-01 10:47:00,15.45,15.45,15.45,15.45,0,78,287.6,0.0547945205479452,,,,,
2026-10-01 10:48:00,15.45,15.45,15.45,15.45,0,78,287.6,0.0547945205479452,,,,,
2026-10-01 10:49:00,15.35,15.35,15.35,15.35,16,78,287.6,0.0547945205479452,,,,,
2026-10-01 10:50:00,15.35,15.35,15.35,15.35,0,78,287.6,0.0547945205479452,,,,,
2026-10-01 10:51:00,15.3,15.35,15.3,15.35,19,77,287.5,0.0547945205479452,,,,,
2026-10-01 10:52:00,15.35,15.35,15.35,15.35,0,77,287.5,0.0547945205479452,,,,,
2026-10-01 10:53:00,15.35,15.35,15.35,15.35,20,77,287.4,0.0547945205479452,,,,,
2026-10-01 10:54:00,15.35,15.35,15.35,15.35,0,77,287.6,0.0547945205479452,,,,,
2026-10-01 10:55:00,15.35,15.35,15.35,15.35,0,77,287.5,0.0547945205479452,,,,,
2026-10-01 10:56:00,15.35,15.35,15.35,15.35,0,77,287.5,0.0547945205479452,,,,,
2026-10-01 10:57:00,15.35,15.35,15.35,15.35,0,77,287.6,0.0547945205479452,,,,,
2026-10-01 10:58:00,15.35,15.35,15.35,15.35,0,77,287.4,0.0547945205479452,,,,,
2026-10-01 10:59:00,15.35,15.35,15.35,15.35,0,77,287.4,0.0547945205479452,,,,,
2026-10-01 11:00:00,15.35,15.35,15.35,15.35,0,77,287.6,0.0547945205479452,,,,,
2026-10-01 11:01:00,15.35,15.35,15.35,15.35,0,77,287.4,0.0547945205479452,,,,,
2026-10-01 11:02:00,15.35,15.35,15.35,15.35,0,77,287.5,0.0547945205479452,,,,,
2026-10-01 11:03:00,15.35,15.35,15.35,15.35,0,77,287.3,0.0547945205479452,,,,,
2026-10-01 11:04:00,15.35,15.35,15.35,15.35,0,77,287.3,0.0547945205479452,,,,,
2026-10-01 11:05:00,15.35,15.35,15.35,15.35,0,77,287.3,0.0547945205479452,,,,,
2026-10-01 11:06:00,15.35,15.35,15.35,15.35,0,77,287.3,0.0547945205479452,,,,,
2026-10-01 11:07:00,15.45,15.45,15.45,15.45,10,72,287.3,0.0547945205479452,,,,,
2026-10-01 11:08:00,15.5,15.5,15.5,15.5,1,67,287.4,0.0547945205479452,,,,,
2026-10-01 11:09:00,15.5,15.5,15.5,15.5,0,67,287.3,0.0547945205479452,,,,,
2026-10-01 11:10:00,15.5,15.5,15.5,15.5,0,67,287.3,0.0547945205479452,,,,,
2026-10-01 11:11:00,15.5,15.5,15.5,15.5,0,67,287.4,0.0547945205479452,,,,,
2026-10-01 11:12:00,15.5,15.5,15.5,15.5,0,67,287.4,0.0547945205479452,,,,,
2026-10-01 11:13:00,15.5,15.5,15.5,15.5,0,67,287.4,0.0547945205479452,,,,,
2026-10-01 11:14:00,15.5,15.5,15.5,15.5,0,67,287.3,0.0547945205479452,,,,,
2026-10-01 11:15:00,15.5,15.5,15.5,15.5,0,67,287.3,0.0547945205479452,,,,,
2026-10-01 11:16:00,15.5,15.5,15.5,15.5,0,67,287.3,0.0547945205479452,,,,,
2026-10-01 11:17:00,15.5,15.5,15.5,15.5,0,67,287.4,0.0547945205479452,,,,,
2026-10-01 11:18:00,15.5,15.5,15.5,15.5,0,67,287.5,0.0547945205479452,,,,,
2026-10-01 11:19:00,15.5,15.5,15.5,15.5,0,67,287.3,0.0547945205479452,,,,,
2026-10-01 11:20:00,15.5,15.5,15.5,15.5,0,67,287.4,0.0547945205479452,,,,,
2026-10-01 11:21:00,15.5,15.5,15.5,15.5,0,67,287.4,0.0547945205479452,,,,,
2026-10-01 11:22:00,15.5,15.5,15.5,15.5,0,67,287.3,0.0547945205479452,,,,,
2026-10-01 11:23:00,15.5,15.5,15.5,15.5,0,67,287.3,0.0547945205479452,,,,,
2026-10-01 11:24:00,15.5,15.5,15.5,15.5,0,67,287.3,0.0547945205479452,,,,,
2026-10-01 11:25:00,15.5,15.5,15.5,15.5,0,67,287.3,0.0547945205479452,,,,,
2026-10-01 11:26:00,15.45,15.45,15.45,15.45,1,66,287.5,0.0547945205479452,,,,,
2026-10-01 11:27:00,15.45,15.45,15.45,15.45,0,66,287.4,0.0547945205479452,,,,,
2026-10-01 11:28:00,15.45,15.45,15.45,15.45,0,66,287.4,0.0547945205479452,,,,,
2026-10-01 11:29:00,15.45,15.45,15.45,15.45,0,66,287.3,0.0547945205479452,,,,,
2026-10-01 11:30:00,15.45,15.45,15.45,15.45,0,66,287.4,0.0547945205479452,,,,,
2026-10-01 11:31:00,15.45,15.45,15.45,15.45,0,66,287.2,0.0547945205479452,,,,,
2026-10-01 11:32:00,15.45,15.45,15.45,15.45,0,66,287.2,0.0547945205479452,,,,,
2026-10-01 11:33:00,15.45,15.45,15.45,15.45,0,66,287.3,0.0547945205479452,,,,,
2026-10-01 11:34:00,15.45,15.45,15.45,15.45,0,66,287.2,0.0547945205479452,,,,,
2026-10-01 11:35:00,15.55,15.6,15.55,15.6,3,65,287.1,0.0547945205479452,,,,,
2026-10-01 11:36:00,15.6,15.6,15.6,15.6,0,65,287.2,0.0547945205479452,,,,,
2026-10-01 11:37:00,15.6,15.6,15.6,15.6,2,63,287.2,0.0547945205479452,,,,,
2026-10-01 11:38:00,15.6,15.6,15.6,15.6,0,63,287.2,0.0547945205479452,,,,,
2026-10-01 11:39:00,15.6,15.6,15.6,15.6,0,63,287.2,0.0547945205479452,,,,,
2026-10-01 11:40:00,15.6,15.6,15.6,15.6,0,63,287.2,0.0547945205479452,,,,,
2026-10-01 11:41:00,15.6,15.6,15.6,15.6,0,63,287.2,0.0547945205479452,,,,,
2026-10-01 11:42:00,15.6,15.6,15.6,15.6,0,63,287.2,0.0547945205479452,,,,,
2026-10-01 11:43:00,15.6,15.6,15.6,15.6,0,63,287.1,0.0547945205479452,,,,,
2026-10-01 11:44:00,15.6,15.6,15.6,15.6,0,63,287.2,0.0547945205479452,,,,,
2026-10-01 11:45:00,15.6,15.6,15.6,15.6,0,63,287.2,0.0547945205479452,,,,,
2026-10-01 11:46:00,15.6,15.6,15.6,15.6,0,63,287.2,0.0547945205479452,,,,,
2026-10-01 11:47:00,15.6,15.6,15.6,15.6,0,63,287.1,0.0547945205479452,,,,,
2026-10-01 11:48:00,15.6,15.6,15.6,15.6,0,63,287.2,0.0547945205479452,,,,,
2026-10-01 11:49:00,15.6,15.6,15.6,15.6,0,63,287.1,0.0547945205479452,,,,,
2026-10-01 11:50:00,15.6,15.6,15.6,15.6,0,63,287.1,0.0547945205479452,,,,,
2026-10-01 11:51:00,15.6,15.6,15.6,15.6,0,63,287.2,0.0547945205479452,,,,,
2026-10-01 11:52:00,15.6,15.6,15.6,15.6,0,63,287.2,0.0547945205479452,,,,,
2026-10-01 11:53:00,15.6,15.6,15.6,15.6,0,63,287.3,0.0547945205479452,,,,,
2026-10-01 11:54:00,15.6,15.6,15.6,15.6,0,63,287.3,0.0547945205479452,,,,,
2026-10-01 11:55:00,15.6,15.6,15.6,15.6,0,63,287.2,0.0547945205479452,,,,,
2026-10-01 11:56:00,15.5,15.5,15.5,15.5,2,62,287.3,0.0547945205479452,,,,,
2026-10-01 11:57:00,15.5,15.5,15.5,15.5,0,62,287.2,0.0547945205479452,,,,,
2026-10-01 11:58:00,15.5,15.5,15.5,15.5,0,62,287.1,0.0547945205479452,,,,,
2026-10-01 11:59:00,15.5,15.5,15.5,15.5,0,62,287.2,0.0547945205479452,,,,,
2026-10-01 12:00:00,15.5,15.5,15.5,15.5,0,62,287.1,0.0547945205479452,,,,,
2026-10-01 12:01:00,15.5,15.5,15.5,15.5,0,62,287.2,0.0547945205479452,,,,,
2026-10-01 12:02:00,15.5,15.5,15.5,15.5,0,62,287.5,0.0547945205479452,,,,,
2026-10-01 12:03:00,15.5,15.5,15.5,15.5,0,62,287.3,0.0547945205479452,,,,,
2026-10-01 12:04:00,15.5,15.5,15.5,15.5,0,62,287.4,0.0547945205479452,,,,,
2026-10-01 12:05:00,15.5,15.5,15.5,15.5,0,62,287.4,0.0547945205479452,,,,,
2026-10-01 12:06:00,15.5,15.5,15.5,15.5,0,62,287.4,0.0547945205479452,,,,,
2026-10-01 12:07:00,15.5,15.5,15.5,15.5,0,62,287.4,0.0547945205479452,,,,,
2026-10-01 12:08:00,15.5,15.5,15.5,15.5,0,62,287.3,0.0547945205479452,,,,,
2026-10-01 12:09:00,15.5,15.5,15.5,15.5,0,62,287.3,0.0547945205479452,,,,,
2026-10-01 12:10:00,15.5,15.5,15.5,15.5,0,62,287.2,0.0547945205479452,,,,,
2026-10-01 12:11:00,15.5,15.5,15.5,15.5,0,62,287.3,0.0547945205479452,,,,,
2026-10-01 12:12:00,15.5,15.5,15.5,15.5,0,62,287.2,0.0547945205479452,,,,,
2026-10-01 12:13:00,15.5,15.5,15.5,15.5,0,62,287.5,0.0547945205479452,,,,,
2026-10-01 12:14:00,15.5,15.5,15.5,15.5,0,62,287.4,0.0547945205479452,,,,,
2026-10-01 12:15:00,15.5,15.5,15.5,15.5,0,62,287.5,0.0547945205479452,,,,,
2026-10-01 12:16:00,15.5,15.5,15.5,15.5,0,62,287.5,0.0547945205479452,,,,,
2026-10-01 12:17:00,15.5,15.5,15.5,15.5,0,62,287.5,0.0547945205479452,,,,,
2026-10-01 12:18:00,15.5,15.5,15.5,15.5,0,62,287.3,0.0547945205479452,,,,,
2026-10-01 12:19:00,15.5,15.5,15.5,15.5,0,62,287.5,0.0547945205479452,,,,,
2026-10-01 12:20:00,15.5,15.5,15.5,15.5,0,62,287.7,0.0547945205479452,,,,,
2026-10-01 12:21:00,15.5,15.5,15.5,15.5,0,62,287.5,0.0547945205479452,,,,,
2026-10-01 12:22:00,15.5,15.5,15.5,15.5,0,62,287.7,0.0547945205479452,,,,,
2026-10-01 12:23:00,15.5,15.5,15.5,15.5,0,62,287.7,0.0547945205479452,,,,,
2026-10-01 12:24:00,15.5,15.5,15.5,15.5,0,62,287.4,0.0547945205479452,,,,,
2026-10-01 12:25:00,15.5,15.5,15.5,15.5,0,62,287.4,0.0547945205479452,,,,,
2026-10-01 12:26:00,15.5,15.5,15.5,15.5,0,62,287.4,0.0547945205479452,,,,,
2026-10-01 12:27:00,15.5,15.5,15.5,15.5,0,62,287.6,0.0547945205479452,,,,,
2026-10-01 12:28:00,15.5,15.5,15.5,15.5,0,62,287.7,0.0547945205479452,,,,,
2026-10-01 12:29:00,15.5,15.5,15.5,15.5,0,62,287.5,0.0547945205479452,,,,,
2026-10-01 12:30:00,15.5,15.5,15.5,15.5,0,62,287.2,0.0547945205479452,,,,,
2026-10-01 12:31:00,15.5,15.5,15.5,15.5,0,62,287.3,0.0547945205479452,,,,,
2026-10-01 12:32:00,15.5,15.5,15.5,15.5,0,62,287.4,0.0547945205479452,,,,,
2026-10-01 12:33:00,15.5,15.5,15.5,15.5,0,62,287.2,0.0547945205479452,,,,,
2026-10-01 12:34:00,15.5,15.5,15.5,15.5,0,62,287.3,0.0547945205479452,,,,,
2026-10-01 12:35:00,15.5,15.5,15.5,15.5,0,62,287.3,0.0547945205479452,,,,,
2026-10-01 12:36:00,15.5,15.5,15.5,15.5,0,62,287.4,0.0547945205479452,,,,,
2026-10-01 12:37:00,15.5,15.5,15.5,15.5,0,62,287.4,0.0547945205479452,,,,,
2026-10-01 12:38:00,15.5,15.5,15.5,15.5,0,62,287.4,0.0547945205479452,,,,,
2026-10-01 12:39:00,15.5,15.5,15.5,15.5,0,62,287.4,0.0547945205479452,,,,,
2026-10-01 12:40:00,15.5,15.5,15.5,15.5,0,62,287.5,0.0547945205479452,,,,,
2026-10-01 12:41:00,15.5,15.5,15.5,15.5,0,62,287.4,0.0547945205479452,,,,,
2026-10-01 12:42:00,15.5,15.5,15.5,15.5,0,62,287.4,0.0547945205479452,,,,,
2026-10-01 12:43:00,15.5,15.5,15.5,15.5,0,62,287.3,0.0547945205479452,,,,,
2026-10-01 12:44:00,15.5,15.5,15.5,15.5,0,62,287.4,0.0547945205479452,,,,,
2026-10-01 12:45:00,15.5,15.5,15.5,15.5,0,62,287.2,0.0547945205479452,,,,,
2026-10-01 12:46:00,15.5,15.5,15.5,15.5,0,62,287.1,0.0547945205479452,,,,,
2026-10-01 12:47:00,15.5,15.5,15.5,15.5,0,62,287.3,0.0547945205479452,,,,,
2026-10-01 12:48:00,15.5,15.5,15.5,15.5,0,62,287.3,0.0547945205479452,,,,,
2026-10-01 12:49:00,15.5,15.5,15.5,15.5,0,62,287.3,0.0547945205479452,,,,,
2026-10-01 12:50:00,15.5,15.5,15.5,15.5,0,62,287.2,0.0547945205479452,,,,,
2026-10-01 12:51:00,15.5,15.5,15.5,15.5,0,62,287.4,0.0547945205479452,,,,,
2026-10-01 12:52:00,15.5,15.5,15.5,15.5,0,62,287.3,0.0547945205479452,,,,,
2026-10-01 12:53:00,15.5,15.5,15.5,15.5,0,62,287.4,0.0547945205479452,,,,,
2026-10-01 12:54:00,15.5,15.5,15.5,15.5,0,62,287.3,0.0547945205479452,,,,,
2026-10-01 12:55:00,15.5,15.5,15.5,15.5,0,62,287.5,0.0547945205479452,,,,,
2026-10-01 12:56:00,15.5,15.5,15.5,15.5,0,62,287.5,0.0547945205479452,,,,,
2026-10-01 12:57:00,15.5,15.5,15.5,15.5,0,62,287.5,0.0547945205479452,,,,,
2026-10-01 12:58:00,15.5,15.5,15.5,15.5,0,62,287.4,0.0547945205479452,,,,,
2026-10-01 12:59:00,15.5,15.5,15.5,15.5,0,62,287.4,0.0547945205479452,,,,,
2026-10-01 13:00:00,15.5,15.5,15.5,15.5,0,62,287.7,0.0547945205479452,,,,,
2026-10-01 13:01:00,15.5,15.5,15.5,15.5,0,62,287.8,0.0547945205479452,,,,,
2026-10-01 13:02:00,15.5,15.5,15.5,15.5,0,62,287.6,0.0547945205479452,,,,,
2026-10-01 13:03:00,15.5,15.5,15.5,15.5,0,62,287.6,0.0547945205479452,,,,,
2026-10-01 13:04:00,15.5,15.5,15.5,15.5,0,62,287.5,0.0547945205479452,,,,,
2026-10-01 13:05:00,15.5,15.5,15.5,15.5,0,62,287.6,0.0547945205479452,,,,,
2026-10-01 13:06:00,15.5,15.5,15.5,15.5,0,62,287.7,0.0547945205479452,,,,,
2026-10-01 13:07:00,15.5,15.5,15.5,15.5,0,62,287.9,0.0547945205479452,,,,,
2026-10-01 13:08:00,15.5,15.5,15.5,15.5,0,62,287.7,0.0547945205479452,,,,,
2026-10-01 13:09:00,15.5,15.5,15.5,15.5,0,62,287.6,0.0547945205479452,,,,,
2026-10-01 13:10:00,15.5,15.5,15.5,15.5,0,62,287.7,0.0547945205479452,,,,,
2026-10-01 13:11:00,15.5,15.5,15.5,15.5,0,62,287.5,0.0547945205479452,,,,,
2026-10-01 13:12:00,15.5,15.5,15.5,15.5,0,62,287.8,0.0547945205479452,,,,,
2026-10-01 13:13:00,15.5,15.5,15.5,15.5,0,62,287.8,0.0547945205479452,,,,,
2026-10-01 13:14:00,15.5,15.5,15.5,15.5,0,62,287.8,0.0547945205479452,,,,,
2026-10-01 13:15:00,15.5,15.5,15.5,15.5,0,62,287.9,0.0547945205479452,,,,,
2026-10-01 13:16:00,15.5,15.5,15.5,15.5,0,62,287.8,0.0547945205479452,,,,,
2026-10-01 13:17:00,15.5,15.5,15.5,15.5,0,62,287.8,0.0547945205479452,,,,,
2026-10-01 13:18:00,15.5,15.5,15.5,15.5,0,62,287.7,0.0547945205479452,,,,,
2026-10-01 13:19:00,15.5,15.5,15.5,15.5,0,62,287.4,0.0547945205479452,,,,,
2026-10-01 13:20:00,15.5,15.5,15.5,15.5,0,62,287.4,0.0547945205479452,,,,,
2026-10-01 13:21:00,15.5,15.5,15.5,15.5,0,62,287.6,0.0547945205479452,,,,,
2026-10-01 13:22:00,15.5,15.5,15.5,15.5,0,62,287.4,0.0547945205479452,,,,,
2026-10-01 13:23:00,15.5,15.5,15.5,15.5,0,62,287.5,0.0547945205479452,,,,,
2026-10-01 13:24:00,15.4,15.4,15.4,15.4,2,62,287.4,0.0547945205479452,,,,,
2026-10-01 13:25:00,15.4,15.4,15.4,15.4,0,62,287.3,0.0547945205479452,,,,,
2026-10-01 13:26:00,15.4,15.4,15.4,15.4,0,62,287.3,0.0547945205479452,,,,,
2026-10-01 13:27:00,15.4,15.4,15.4,15.4,0,62,287.3,0.0547945205479452,,,,,
2026-10-01 13:28:00,15.4,15.4,15.4,15.4,0,62,287.6,0.0547945205479452,,,,,
2026-10-01 13:29:00,15.4,15.4,15.4,15.4,0,62,287.4,0.0547945205479452,,,,,
2026-10-01 13:30:00,15.4,15.4,15.4,15.4,0,62,287.3,0.0547945205479452,,,,,
2026-10-01 13:31:00,15.4,15.4,15.4,15.4,0,62,287.2,0.0547945205479452,,,,,
2026-10-01 13:32:00,15.4,15.4,15.4,15.4,0,62,287.2,0.0547945205479452,,,,,
2026-10-01 13:33:00,15.4,15.4,15.4,15.4,0,62,287.2,0.0547945205479452,,,,,
2026-10-01 13:34:00,15.4,15.4,15.4,15.4,0,62,286.9,0.0547945205479452,,,,,
2026-10-01 13:35:00,15.4,15.4,15.4,15.4,0,62,286.9,0.0547945205479452,,,,,
2026-10-01 13:36:00,15.4,15.4,15.4,15.4,0,62,286.9,0.0547945205479452,,,,,
2026-10-01 13:37:00,15.4,15.4,15.4,15.4,0,62,286.8,0.0547945205479452,,,,,
2026-10-01 13:38:00,15.4,15.4,15.4,15.4,0,62,286.8,0.0547945205479452,,,,,
2026-10-01 13:39:00,15.4,15.4,15.4,15.4,0,62,287.0,0.0547945205479452,,,,,
2026-10-01 13:40:00,15.4,15.4,15.4,15.4,0,62,286.9,0.0547945205479452,,,,,
2026-10-01 13:41:00,15.4,15.4,15.4,15.4,0,62,286.9,0.0547945205479452,,,,,
2026-10-01 13:42:00,15.4,15.4,15.4,15.4,0,62,286.8,0.0547945205479452,,,,,
2026-10-01 13:43:00,15.4,15.4,15.4,15.4,0,62,286.7,0.0547945205479452,,,,,
2026-10-01 13:44:00,15.4,15.4,15.4,15.4,0,62,286.7,0.0547945205479452,,,,,
2026-10-01 13:45:00,15.4,15.4,15.4,15.4,0,62,286.7,0.0547945205479452,,,,,
2026-10-01 13:46:00,15.4,15.4,15.4,15.4,0,62,286.8,0.0547945205479452,,,,,
2026-10-01 13:47:00,15.4,15.4,15.4,15.4,0,62,286.8,0.0547945205479452,,,,,
2026-10-01 13:48:00,15.6,15.6,15.6,15.6,5,64,286.6,0.0547945205479452,,,,,
2026-10-01 13:49:00,15.6,15.6,15.6,15.6,0,64,286.7,0.0547945205479452,,,,,
2026-10-01 13:50:00,15.6,15.6,15.6,15.6,0,64,286.8,0.0547945205479452,,,,,
2026-10-01 13:51:00,15.6,15.6,15.6,15.6,0,64,286.9,0.0547945205479452,,,,,
2026-10-01 13:52:00,15.6,15.6,15.6,15.6,0,64,286.5,0.0547945205479452,,,,,
2026-10-01 13:53:00,15.6,15.6,15.6,15.6,0,64,286.4,0.0547945205479452,,,,,
2026-10-01 13:54:00,15.7,15.7,15.7,15.7,1,61,286.3,0.0547945205479452,,,,,
2026-10-01 13:55:00,15.7,15.7,15.7,15.7,0,61,286.5,0.0547945205479452,,,,,
2026-10-01 13:56:00,15.7,15.7,15.7,15.7,0,61,286.4,0.0547945205479452,,,,,
2026-10-01 13:57:00,15.7,15.7,15.7,15.7,0,61,286.3,0.0547945205479452,,,,,
2026-10-01 13:58:00,15.7,15.7,15.7,15.7,0,61,286.6,0.0547945205479452,,,,,
2026-10-01 13:59:00,15.7,15.7,15.7,15.7,0,61,286.7,0.0547945205479452,,,,,
2026-10-01 14:00:00,15.7,15.7,15.7,15.7,0,61,286.8,0.0547945205479452,,,,,
2026-10-01 14:01:00,15.7,15.7,15.7,15.7,0,61,286.8,0.0547945205479452,,,,,
2026-10-01 14:02:00,15.7,15.7,15.7,15.7,0,61,286.8,0.0547945205479452,,,,,
2026-10-01 14:03:00,15.7,15.7,15.7,15.7,0,61,286.7,0.0547945205479452,,,,,
2026-10-01 14:04:00,15.7,15.7,15.7,15.7,0,61,286.6,0.0547945205479452,,,,,
2026-10-01 14:05:00,15.7,15.7,15.7,15.7,0,61,286.9,0.0547945205479452,,,,,
2026-10-01 14:06:00,15.7,15.7,15.7,15.7,0,61,286.7,0.0547945205479452,,,,,
2026-10-01 14:07:00,15.7,15.7,15.7,15.7,0,61,286.7,0.0547945205479452,,,,,
2026-10-01 14:08:00,15.7,15.7,15.7,15.7,0,61,286.8,0.0547945205479452,,,,,
2026-10-01 14:09:00,15.7,15.7,15.7,15.7,0,61,286.7,0.0547945205479452,,,,,
2026-10-01 14:10:00,15.7,15.7,15.7,15.7,0,61,286.6,0.0547945205479452,,,,,
2026-10-01 14:11:00,15.7,15.7,15.7,15.7,0,61,286.6,0.0547945205479452,,,,,
2026-10-01 14:12:00,15.7,15.7,15.7,15.7,0,61,286.8,0.0547945205479452,,,,,
2026-10-01 14:13:00,15.7,15.7,15.7,15.7,0,61,286.8,0.0547945205479452,,,,,
2026-10-01 14:14:00,15.7,15.7,15.7,15.7,0,61,286.8,0.0547945205479452,,,,,
2026-10-01 14:15:00,15.7,15.7,15.7,15.7,0,61,286.8,0.0547945205479452,,,,,
2026-10-01 14:16:00,15.7,15.7,15.7,15.7,0,61,287.0,0.0547945205479452,,,,,
2026-10-01 14:17:00,15.7,15.7,15.7,15.7,0,61,286.9,0.0547945205479452,,,,,
2026-10-01 14:18:00,15.7,15.7,15.7,15.7,0,61,286.9,0.0547945205479452,,,,,
2026-10-01 14:19:00,15.7,15.7,15.7,15.7,0,61,286.8,0.0547945205479452,,,,,
2026-10-01 14:20:00,15.7,15.7,15.7,15.7,0,61,286.8,0.0547945205479452,,,,,
2026-10-01 14:21:00,15.7,15.7,15.7,15.7,0,61,286.7,0.0547945205479452,,,,,
2026-10-01 14:22:00,15.7,15.7,15.7,15.7,0,61,286.8,0.0547945205479452,,,,,
2026-10-01 14:23:00,15.7,15.7,15.7,15.7,0,61,287.0,0.0547945205479452,,,,,
2026-10-01 14:24:00,15.7,15.7,15.7,15.7,0,61,286.9,0.0547945205479452,,,,,
2026-10-01 14:25:00,15.7,15.7,15.7,15.7,0,61,286.9,0.0547945205479452,,,,,
2026-10-01 14:26:00,15.7,15.7,15.7,15.7,0,61,286.8,0.0547945205479452,,,,,
2026-10-01 14:27:00,15.7,15.7,15.7,15.7,0,61,286.8,0.0547945205479452,,,,,
2026-10-01 14:28:00,15.7,15.7,15.7,15.7,0,61,286.8,0.0547945205479452,,,,,
2026-10-01 14:29:00,15.7,15.7,15.7,15.7,0,61,286.8,0.0547945205479452,,,,,
2026-10-01 14:30:00,15.7,15.7,15.7,15.7,0,61,286.8,0.0547945205479452,,,,,
2026-10-01 14:31:00,15.7,15.7,15.7,15.7,0,61,286.8,0.0547945205479452,,,,,
2026-10-01 14:32:00,15.7,15.7,15.7,15.7,0,61,286.9,0.0547945205479452,,,,,
2026-10-01 14:33:00,15.7,15.7,15.7,15.7,0,61,286.7,0.0547945205479452,,,,,
2026-10-01 14:34:00,15.7,15.7,15.7,15.7,0,61,286.8,0.0547945205479452,,,,,
2026-10-01 14:35:00,15.7,15.7,15.7,15.7,0,61,286.8,0.0547945205479452,,,,,
2026-10-01 14:36:00,15.7,15.7,15.7,15.7,0,61,286.8,0.0547945205479452,,,,,
2026-10-01 14:37:00,15.7,15.7,15.7,15.7,0,61,286.8,0.0547945205479452,,,,,
2026-10-01 14:38:00,15.7,15.7,15.7,15.7,0,61,286.8,0.0547945205479452,,,,,
2026-10-01 14:39:00,15.7,15.7,15.7,15.7,0,61,286.7,0.0547945205479452,,,,,
2026-10-01 14:40:00,15.7,15.7,15.7,15.7,0,61,286.8,0.0547945205479452,,,,,
2026-10-01 14:41:00,15.7,15.7,15.7,15.7,0,61,286.8,0.0547945205479452,,,,,
2026-10-01 14:42:00,15.7,15.7,15.7,15.7,0,61,286.8,0.0547945205479452,,,,,
2026-10-01 14:43:00,15.7,15.7,15.7,15.7,0,61,286.6,0.0547945205479452,,,,,
2026-10-01 14:44:00,15.7,15.75,15.7,15.75,4,61,286.6,0.0547945205479452,,,,,
2026-10-01 14:45:00,15.75,15.75,15.75,15.75,0,61,286.5,0.0547945205479452,,,,,
2026-10-01 14:46:00,15.75,15.75,15.75,15.75,0,61,286.6,0.0547945205479452,,,,,
2026-10-01 14:47:00,15.75,15.75,15.75,15.75,0,61,286.5,0.0547945205479452,,,,,
2026-10-01 14:48:00,15.75,15.75,15.75,15.75,0,61,286.6,0.0547945205479452,,,,,
2026-10-01 14:49:00,15.75,15.75,15.75,15.75,0,61,286.5,0.0547945205479452,,,,,
2026-10-01 14:50:00,15.75,15.75,15.75,15.75,0,61,286.4,0.0547945205479452,,,,,
2026-10-01 14:51:00,15.75,15.75,15.75,15.75,0,61,286.5,0.0547945205479452,,,,,
2026-10-01 14:52:00,15.75,15.75,15.75,15.75,0,61,286.4,0.0547945205479452,,,,,
2026-10-01 14:53:00,15.75,15.75,15.75,15.75,0,61,286.3,0.0547945205479452,,,,,
2026-10-01 14:54:00,15.85,15.85,15.85,15.85,8,61,286.2,0.0547945205479452,,,,,
2026-10-01 14:55:00,15.95,15.95,15.95,15.95,4,55,285.9,0.0547945205479452,,,,,
2026-10-01 14:56:00,15.95,15.95,15.95,15.95,0,55,286.0,0.0547945205479452,,,,,
2026-10-01 14:57:00,15.95,15.95,15.95,15.95,0,55,285.8,0.0547945205479452,,,,,
2026-10-01 14:58:00,15.95,15.95,15.95,15.95,0,55,285.6,0.0547945205479452,,,,,
2026-10-01 14:59:00,15.95,15.95,15.95,15.95,0,55,285.4,0.0547945205479452,,,,,
2026-10-01 15:00:00,15.95,15.95,15.95,15.95,0,55,285.7,0.0547945205479452,,,,,
2026-10-01 15:01:00,15.95,15.95,15.95,15.95,0,55,285.6,0.0547945205479452,,,,,
2026-10-01 15:02:00,15.95,15.95,15.95,15.95,0,55,285.7,0.0547945205479452,,,,,
2026-10-01 15:03:00,15.95,15.95,15.95,15.95,0,55,285.8,0.0547945205479452,,,,,
2026-10-01 15:04:00,15.95,15.95,15.95,15.95,0,55,285.8,0.0547945205479452,,,,,
2026-10-01 15:05:00,15.95,15.95,15.95,15.95,0,55,285.6,0.0547945205479452,,,,,
2026-10-01 15:06:00,15.95,15.95,15.95,15.95,0,55,285.7,0.0547945205479452,,,,,
2026-10-01 15:07:00,15.95,15.95,15.95,15.95,0,55,285.7,0.0547945205479452,,,,,
2026-10-01 15:08:00,15.95,15.95,15.95,15.95,0,55,285.7,0.0547945205479452,,,,,
2026-10-01 15:09:00,16.1,16.1,16.1,16.1,10,55,285.7,0.0547945205479452,,,,,
2026-10-01 15:10:00,16.1,16.1,16.1,16.1,2,55,285.9,0.0547945205479452,,,,,
2026-10-01 15:11:00,16.1,16.1,16.1,16.1,0,55,285.9,0.0547945205479452,,,,,
2026-10-01 15:12:00,16.1,16.1,16.1,16.1,0,55,285.8,0.0547945205479452,,,,,
2026-10-01 15:13:00,16.1,16.1,16.1,16.1,0,55,285.7,0.0547945205479452,,,,,
2026-10-01 15:14:00,16.1,16.1,16.1,16.1,0,55,285.8,0.0547945205479452,,,,,
2026-10-01 15:15:00,16.1,16.1,16.1,16.1,0,55,285.7,0.0547945205479452,,,,,
2026-10-01 15:16:00,16.1,16.1,16.1,16.1,0,55,285.8,0.0547945205479452,,,,,
2026-10-01 15:17:00,16.1,16.1,16.1,16.1,0,55,285.9,0.0547945205479452,,,,,
2026-10-01 15:18:00,16.1,16.1,16.1,16.1,0,55,286.1,0.0547945205479452,,,,,
2026-10-01 15:19:00,16.1,16.1,16.1,16.1,0,55,286.2,0.0547945205479452,,,,,
2026-10-01 15:20:00,16.1,16.1,16.1,16.1,0,55,286.2,0.0547945205479452,,,,,
2026-10-01 15:21:00,16.1,16.1,16.1,16.1,0,55,286.2,0.0547945205479452,,,,,
2026-10-01 15:22:00,16.1,16.1,16.1,16.1,0,55,286.4,0.0547945205479452,,,,,
2026-10-01 15:23:00,16.1,16.1,16.1,16.1,0,55,286.2,0.0547945205479452,,,,,
2026-10-01 15:24:00,16.1,16.1,16.1,16.1,0,55,286.2,0.0547945205479452,,,,,
2026-10-01 15:25:00,16.1,16.1,16.1,16.1,0,55,286.2,0.0547945205479452,,,,,
2026-10-01 15:26:00,16.1,16.1,16.1,16.1,0,55,286.3,0.0547945205479452,,,,,
2026-10-01 15:27:00,16.1,16.1,16.1,16.1,0,55,286.4,0.0547945205479452,,,,,
2026-10-01 15:28:00,16.1,16.1,16.1,16.1,0,55,286.2,0.0547945205479452,,,,,
2026-10-01 15:29:00,16.1,16.1,16.1,16.1,0,55,286.4,0.0547945205479452,,,,,
2026-10-01 15:30:00,16.1,16.1,16.1,16.1,0,55,286.4,0.0547945205479452,,,,,
2026-10-01 15:31:00,16.1,16.1,16.1,16.1,0,55,286.3,0.0547945205479452,,,,,
2026-10-01 15:32:00,16.1,16.1,16.1,16.1,0,55,286.3,0.0547945205479452,,,,,
2026-10-01 15:33:00,16.1,16.1,16.1,16.1,0,55,286.2,0.0547945205479452,,,,,
2026-10-01 15:34:00,16.1,16.1,16.1,16.1,0,55,286.1,0.0547945205479452,,,,,
2026-10-01 15:35:00,16.1,16.1,16.1,16.1,0,55,286.1,0.0547945205479452,,,,,
2026-10-01 15:36:00,16.1,16.1,16.1,16.1,0,55,286.0,0.0547945205479452,,,,,
2026-10-01 15:37:00,16.1,16.1,16.1,16.1,0,55,286.0,0.0547945205479452,,,,,
2026-10-01 15:38:00,16.1,16.1,16.1,16.1,0,55,285.9,0.0547945205479452,,,,,
2026-10-01 15:39:00,16.1,16.1,16.1,16.1,0,55,286.3,0.0547945205479452,,,,,
2026-10-01 15:40:00,16.1,16.1,16.1,16.1,0,55,285.9,0.0547945205479452,,,,,
2026-10-01 15:41:00,16.1,16.1,16.1,16.1,0,55,286.0,0.0547945205479452,,,,,
2026-10-01 15:42:00,16.1,16.1,16.1,16.1,0,55,286.1,0.0547945205479452,,,,,
2026-10-01 15:43:00,16.1,16.1,16.1,16.1,0,55,285.8,0.0547945205479452,,,,,
2026-10-01 15:44:00,16.1,16.1,16.1,16.1,0,55,285.7,0.0547945205479452,,,,,
2026-10-01 15:45:00,16.1,16.1,16.1,16.1,0,55,285.7,0.0547945205479452,,,,,
2026-10-01 15:46:00,16.1,16.1,16.1,16.1,0,55,285.8,0.0547945205479452,,,,,
2026-10-01 15:47:00,16.1,16.1,16.1,16.1,0,55,285.7,0.0547945205479452,,,,,
2026-10-01 15:48:00,16.1,16.1,16.1,16.1,0,55,285.9,0.0547945205479452,,,,,
2026-10-01 15:49:00,16.1,16.1,16.1,16.1,0,55,285.8,0.0547945205479452,,,,,
2026-10-01 15:50:00,16.1,16.1,16.1,16.1,0,55,285.8,0.0547945205479452,,,,,
2026-10-01 15:51:00,16.1,16.1,16.1,16.1,0,55,286.1,0.0547945205479452,,,,,
2026-10-01 15:52:00,16.1,16.1,16.1,16.1,0,55,285.9,0.0547945205479452,,,,,
2026-10-01 15:53:00,16.1,16.1,16.1,16.1,0,55,286.1,0.0547945205479452,,,,,
2026-10-01 15:54:00,16.1,16.1,16.1,16.1,0,55,286.3,0.0547945205479452,,,,,
2026-10-01 15:55:00,16.1,16.1,16.1,16.1,0,55,286.3,0.0547945205479452,,,,,
2026-10-01 15:56:00,16.1,16.1,16.1,16.1,0,55,286.2,0.0547945205479452,,,,,
2026-10-01 15:57:00,16.1,16.1,16.1,16.1,0,55,286.3,0.0547945205479452,,,,,
2026-10-01 15:58:00,16.1,16.1,16.1,16.1,0,55,286.3,0.0547945205479452,,,,,
2026-10-01 15:59:00,16.1,16.1,16.1,16.1,0,55,286.2,0.0547945205479452,,,,,
2026-10-01 16:00:00,16.1,16.1,16.1,16.1,0,55,286.3,0.0547945205479452,,,,,
2026-10-01 16:01:00,16.1,16.1,16.1,16.1,0,55,286.2,0.0547945205479452,,,,,
2026-10-01 16:02:00,16.1,16.1,16.1,16.1,0,55,286.4,0.0547945205479452,,,,,
2026-10-01 16:03:00,16.1,16.1,16.1,16.1,0,55,286.1,0.0547945205479452,,,,,
2026-10-01 16:04:00,16.1,16.1,16.1,16.1,0,55,286.2,0.0547945205479452,,,,,
2026-10-01 16:05:00,16.1,16.1,16.1,16.1,0,55,286.1,0.0547945205479452,,,,,
2026-10-01 16:06:00,16.1,16.1,16.1,16.1,0,55,286.3,0.0547945205479452,,,,,
2026-10-01 16:07:00,16.1,16.1,16.1,16.1,0,55,286.3,0.0547945205479452,,,,,
2026-10-01 16:08:00,16.1,16.1,16.1,16.1,0,55,286.2,0.0547945205479452,,,,,
2026-10-01 16:09:00,16.1,16.1,16.1,16.1,0,55,286.1,0.0547945205479452,,,,,
2026-10-01 16:10:00,16.1,16.1,16.1,16.1,0,55,286.3,0.0547945205479452,,,,,
2026-10-01 16:11:00,16.1,16.1,16.1,16.1,0,55,286.3,0.0547945205479452,,,,,
2026-10-01 16:12:00,16.1,16.1,16.1,16.1,0,55,286.3,0.0547945205479452,,,,,
2026-10-01 16:13:00,16.1,16.1,16.1,16.1,0,55,286.4,0.0547945205479452,,,,,
2026-10-01 16:14:00,16.1,16.1,16.1,16.1,0,55,286.3,0.0547945205479452,,,,,
2026-10-01 16:15:00,16.1,16.1,16.1,16.1,0,55,286.0,0.0547945205479452,,,,,
2026-10-01 16:16:00,16.1,16.1,16.1,16.1,0,55,286.0,0.0547945205479452,,,,,
2026-10-01 16:17:00,16.1,16.1,16.1,16.1,0,55,285.9,0.0547945205479452,,,,,
2026-10-01 16:18:00,16.1,16.1,16.1,16.1,0,55,285.9,0.0547945205479452,,,,,
2026-10-01 16:19:00,16.1,16.1,16.1,16.1,0,55,285.8,0.0547945205479452,,,,,
2026-10-01 16:20:00,16.1,16.1,16.1,16.1,0,55,285.9,0.0547945205479452,,,,,
2026-10-01 16:21:00,16.1,16.1,16.1,16.1,0,55,285.8,0.0547945205479452,,,,,
2026-10-01 16:22:00,16.1,16.1,16.1,16.1,0,55,285.8,0.0547945205479452,,,,,
2026-10-01 16:23:00,16.1,16.1,16.1,16.1,0,55,285.7,0.0547945205479452,,,,,
2026-10-01 16:24:00,16.1,16.1,16.1,16.1,0,55,285.8,0.0547945205479452,,,,,
2026-10-01 16:25:00,16.1,16.1,16.1,16.1,0,55,285.9,0.0547945205479452,,,,,
2026-10-01 16:26:00,16.1,16.1,16.1,16.1,0,55,285.9,0.0547945205479452,,,,,
2026-10-01 16:27:00,16.1,16.1,16.1,16.1,0,55,285.8,0.0547945205479452,,,,,
2026-10-01 16:28:00,16.1,16.1,16.1,16.1,0,55,286.0,0.0547945205479452,,,,,
2026-10-01 16:29:00,16.1,16.1,16.1,16.1,0,55,285.9,0.0547945205479452,,,,,
2026-10-01 16:30:00,16.1,16.1,16.1,16.1,0,55,286.1,0.0547945205479452,,,,,
2026-10-01 16:31:00,16.1,16.1,16.1,16.1,0,55,286.4,0.0547945205479452,,,,,
2026-10-01 16:32:00,16.1,16.1,16.1,16.1,0,55,286.2,0.0547945205479452,,,,,
2026-10-01 16:33:00,16.1,16.1,16.1,16.1,0,55,286.2,0.0547945205479452,,,,,
2026-10-01 16:34:00,16.1,16.1,16.1,16.1,0,55,286.1,0.0547945205479452,,,,,
2026-10-01 16:35:00,16.1,16.1,16.1,16.1,0,55,286.3,0.0547945205479452,,,,,
2026-10-01 16:36:00,16.1,16.1,16.1,16.1,0,55,286.4,0.0547945205479452,,,,,
2026-10-01 16:37:00,16.1,16.1,16.1,16.1,0,55,286.7,0.0547945205479452,,,,,
2026-10-01 16:38:00,16.1,16.1,16.1,16.1,0,55,286.7,0.0547945205479452,,,,,
2026-10-01 16:39:00,16.1,16.1,16.1,16.1,0,55,286.7,0.0547945205479452,,,,,
2026-10-01 16:40:00,16.1,16.1,16.1,16.1,0,55,286.7,0.0547945205479452,,,,,
2026-10-01 16:41:00,16.1,16.1,16.1,16.1,0,55,286.7,0.0547945205479452,,,,,
2026-10-01 16:42:00,16.1,16.1,16.1,16.1,0,55,286.9,0.0547945205479452,,,,,
2026-10-01 16:43:00,16.1,16.1,16.1,16.1,0,55,286.9,0.0547945205479452,,,,,
2026-10-01 16:44:00,16.1,16.1,16.1,16.1,0,55,286.8,0.0547945205479452,,,,,
2026-10-01 16:45:00,16.1,16.1,16.1,16.1,0,55,286.5,0.0547945205479452,,,,,
2026-10-01 16:46:00,16.1,16.1,16.1,16.1,0,55,286.7,0.0547945205479452,,,,,
2026-10-01 16:47:00,16.1,16.1,16.1,16.1,0,55,287.0,0.0547945205479452,,,,,
2026-10-01 16:48:00,16.1,16.1,16.1,16.1,0,55,287.1,0.0547945205479452,,,,,
2026-10-01 16:49:00,16.1,16.1,16.1,16.1,0,55,286.9,0.0547945205479452,,,,,
2026-10-01 16:50:00,16.1,16.1,16.1,16.1,0,55,287.0,0.0547945205479452,,,,,
2026-10-01 16:51:00,16.1,16.1,16.1,16.1,0,55,287.1,0.0547945205479452,,,,,
2026-10-01 16:52:00,16.1,16.1,16.1,16.1,0,55,286.9,0.0547945205479452,,,,,
2026-10-01 16:53:00,16.1,16.1,16.1,16.1,0,55,286.8,0.0547945205479452,,,,,
2026-10-01 16:54:00,16.1,16.1,16.1,16.1,0,55,286.9,0.0547945205479452,,,,,
2026-10-01 16:55:00,16.1,16.1,16.1,16.1,0,55,286.9,0.0547945205479452,,,,,
2026-10-01 16:56:00,16.1,16.1,16.1,16.1,0,55,286.8,0.0547945205479452,,,,,
2026-10-01 16:57:00,16.1,16.1,16.1,16.1,0,55,286.8,0.0547945205479452,,,,,
2026-10-01 16:58:00,16.1,16.1,16.1,16.1,0,55,286.8,0.0547945205479452,,,,,
2026-10-01 16:59:00,16.1,16.1,16.1,16.1,0,55,286.6,0.0547945205479452,,,,,
2026-10-01 17:00:00,16.1,16.1,16.1,16.1,0,55,286.7,0.0547945205479452,,,,,
2026-10-01 17:01:00,16.1,16.1,16.1,16.1,0,55,287.1,0.0547945205479452,,,,,
2026-10-01 17:02:00,16.1,16.1,16.1,16.1,0,55,287.2,0.0547945205479452,,,,,
2026-10-01 17:03:00,16.1,16.1,16.1,16.1,0,55,287.2,0.0547945205479452,,,,,
2026-10-01 17:04:00,16.1,16.1,16.1,16.1,0,55,287.2,0.0547945205479452,,,,,
2026-10-01 17:05:00,16.1,16.1,16.1,16.1,0,55,287.4,0.0547945205479452,,,,,
2026-10-01 17:06:00,16.1,16.1,16.1,16.1,0,55,287.6,0.0547945205479452,,,,,
2026-10-01 17:07:00,16.1,16.1,16.1,16.1,0,55,287.7,0.0547945205479452,,,,,
2026-10-01 17:08:00,16.1,16.1,16.1,16.1,0,55,287.4,0.0547945205479452,,,,,
2026-10-01 17:09:00,16.1,16.1,16.1,16.1,0,55,287.6,0.0547945205479452,,,,,
2026-10-01 17:10:00,16.1,16.1,16.1,16.1,0,55,287.8,0.0547945205479452,,,,,
2026-10-01 17:11:00,15.2,15.2,15.2,15.2,6,43,287.4,0.0547945205479452,,,,,
2026-10-01 17:12:00,15.2,15.2,15.2,15.2,0,43,287.9,0.0547945205479452,,,,,
2026-10-01 17:13:00,15.2,15.2,15.2,15.2,0,43,287.9,0.0547945205479452,,,,,
2026-10-01 17:14:00,15.2,15.2,15.2,15.2,0,43,288.1,0.0547945205479452,,,,,
2026-10-01 17:15:00,15.2,15.2,15.2,15.2,0,43,288.1,0.0547945205479452,,,,,
2026-10-01 17:16:00,15.2,15.2,15.2,15.2,0,43,288.2,0.0547945205479452,,,,,
2026-10-01 17:17:00,15.2,15.2,15.2,15.2,0,43,288.1,0.0547945205479452,,,,,
2026-10-01 17:18:00,15.2,15.2,15.2,15.2,0,43,288.2,0.0547945205479452,,,,,
2026-10-01 17:19:00,15.2,15.2,15.2,15.2,0,43,288.0,0.0547945205479452,,,,,
2026-10-01 17:20:00,15.2,15.2,15.2,15.2,0,43,287.5,0.0547945205479452,,,,,
2026-10-01 17:21:00,15.1,15.1,15.1,15.1,1,38,287.6,0.0547945205479452,,,,,
2026-10-01 17:22:00,15.1,15.1,15.1,15.1,0,38,287.6,0.0547945205479452,,,,,
2026-10-01 17:23:00,15.1,15.1,15.1,15.1,0,38,287.9,0.0547945205479452,,,,,
2026-10-01 17:24:00,15.1,15.1,15.1,15.1,0,38,288.3,0.0547945205479452,,,,,
2026-10-01 17:25:00,15.1,15.1,15.1,15.1,0,38,288.4,0.0547945205479452,,,,,
2026-10-01 17:26:00,15.1,15.1,15.1,15.1,0,38,288.4,0.0547945205479452,,,,,
2026-10-01 17:27:00,15.1,15.1,15.1,15.1,0,38,288.2,0.0547945205479452,,,,,
2026-10-01 17:28:00,15.1,15.1,15.1,15.1,0,38,288.4,0.0547945205479452,,,,,
2026-10-01 17:29:00,15.1,15.1,15.1,15.1,0,38,288.3,0.0547945205479452,,,,,
2026-10-01 17:30:00,15.1,15.1,15.1,15.1,0,38,288.5,0.0547945205479452,,,,,
2026-10-01 17:31:00,15.1,15.1,15.1,15.1,0,38,288.8,0.0547945205479452,,,,,
2026-10-01 17:32:00,15.1,15.1,15.1,15.1,0,38,289.0,0.0547945205479452,,,,,
2026-10-01 17:33:00,15.1,15.1,15.1,15.1,0,38,289.1,0.0547945205479452,,,,,
2026-10-01 17:34:00,15.1,15.1,15.1,15.1,0,38,289.2,0.0547945205479452,,,,,
2026-10-01 17:35:00,15.1,15.1,15.1,15.1,0,38,289.0,0.0547945205479452,,,,,
2026-10-01 17:36:00,15.1,15.1,15.1,15.1,0,38,288.9,0.0547945205479452,,,,,
2026-10-01 17:37:00,15.1,15.1,15.1,15.1,0,38,288.7,0.0547945205479452,,,,,
2026-10-01 17:38:00,14.4,14.6,14.4,14.6,11,37,288.9,0.0547945205479452,,,,,
2026-10-01 17:39:00,14.6,14.6,14.6,14.6,0,37,288.8,0.0547945205479452,,,,,
2026-10-01 17:40:00,14.6,14.6,14.6,14.6,0,37,288.5,0.0547945205479452,,,,,
2026-10-01 17:41:00,14.6,14.6,14.6,14.6,0,37,288.8,0.0547945205479452,,,,,
2026-10-01 17:42:00,14.6,14.6,14.6,14.6,0,37,288.6,0.0547945205479452,,,,,
2026-10-01 17:43:00,14.6,14.6,14.6,14.6,0,37,288.6,0.0547945205479452,,,,,
2026-10-01 17:44:00,14.65,14.65,14.65,14.65,10,37,287.9,0.0547945205479452,,,,,
2026-10-01 17:45:00,14.65,14.65,14.65,14.65,0,37,288.3,0.0547945205479452,,,,,
2026-10-01 17:46:00,14.45,14.45,14.45,14.45,1,38,288.8,0.0547945205479452,,,,,
2026-10-01 17:47:00,14.45,14.45,14.45,14.45,0,38,289.0,0.0547945205479452,,,,,
2026-10-01 17:48:00,14.35,14.35,14.35,14.35,1,37,288.6,0.0547945205479452,,,,,
2026-10-01 17:49:00,14.4,14.4,14.35,14.35,3,37,288.9,0.0547945205479452,,,,,
2026-10-01 17:50:00,14.35,14.35,14.35,14.35,0,37,288.9,0.0547945205479452,,,,,
2026-10-01 17:51:00,14.35,14.35,14.35,14.35,0,37,289.0,0.0547945205479452,,,,,
2026-10-01 17:52:00,14.35,14.35,14.35,14.35,1,39,289.0,0.0547945205479452,,,,,
2026-10-01 17:53:00,14.35,14.35,14.35,14.35,0,39,288.8,0.0547945205479452,,,,,
2026-10-01 17:54:00,14.35,14.35,14.35,14.35,0,39,288.9,0.0547945205479452,,,,,
2026-10-01 17:55:00,14.35,14.35,14.35,14.35,0,39,288.8,0.0547945205479452,,,,,
2026-10-01 17:56:00,14.25,14.25,14.25,14.25,2,38,288.7,0.0547945205479452,,,,,
2026-10-01 17:57:00,14.25,14.25,14.25,14.25,0,38,288.5,0.0547945205479452,,,,,
2026-10-01 17:58:00,14.25,14.25,14.25,14.25,0,38,288.5,0.0547945205479452,,,,,
2026-10-01 17:59:00,14.25,14.25,14.25,14.25,0,38,288.5,0.0547945205479452,,,,,
2026-10-01 18:00:00,14.25,14.25,14.25,14.25,0,38,288.4,0.0547945205479452,,,,,
2026-10-01 18:01:00,14.25,14.25,14.25,14.25,1,38,288.7,0.0547945205479452,,,,,
2026-10-01 18:02:00,14.25,14.25,14.25,14.25,0,38,288.7,0.0547945205479452,,,,,
2026-10-01 18:03:00,14.55,14.65,14.55,14.65,2,38,288.0,0.0547945205479452,,,,,
2026-10-01 18:04:00,14.65,14.65,14.65,14.65,0,38,288.4,0.0547945205479452,,,,,
2026-10-01 18:05:00,14.65,14.65,14.65,14.65,0,38,288.2,0.0547945205479452,,,,,
2026-10-01 18:06:00,14.65,14.65,14.65,14.65,0,38,288.0,0.0547945205479452,,,,,
2026-10-01 18:07:00,14.65,14.65,14.65,14.65,0,38,288.0,0.0547945205479452,,,,,
2026-10-01 18:08:00,14.65,14.65,14.65,14.65,0,38,288.8,0.0547945205479452,,,,,
2026-10-01 18:09:00,14.65,14.65,14.65,14.65,0,38,289.4,0.0547945205479452,,,,,
2026-10-01 18:10:00,14.65,14.65,14.65,14.65,0,38,289.6,0.0547945205479452,,,,,
2026-10-01 18:11:00,14.65,14.65,14.65,14.65,0,38,290.1,0.0547945205479452,,,,,
2026-10-01 18:12:00,13.5,13.5,13.5,13.5,1,38,290.0,0.0547945205479452,,,,,
2026-10-01 18:13:00,13.5,13.5,13.5,13.5,0,38,289.8,0.0547945205479452,,,,,
2026-10-01 18:14:00,13.6,13.6,13.6,13.6,1,39,290.1,0.0547945205479452,,,,,
2026-10-01 18:15:00,13.6,13.6,13.6,13.6,1,39,290.0,0.0547945205479452,,,,,
2026-10-01 18:16:00,13.6,13.6,13.6,13.6,0,39,290.4,0.0547945205479452,,,,,
2026-10-01 18:17:00,13.6,13.6,13.6,13.6,0,39,290.5,0.0547945205479452,,,,,
2026-10-01 18:18:00,13.6,13.6,13.6,13.6,0,39,290.2,0.0547945205479452,,,,,
2026-10-01 18:19:00,13.6,13.6,13.6,13.6,0,39,289.9,0.0547945205479452,,,,,
2026-10-01 18:20:00,13.6,13.6,13.6,13.6,0,39,290.6,0.0547945205479452,,,,,
2026-10-01 18:21:00,13.6,13.6,13.6,13.6,0,39,290.8,0.0547945205479452,,,,,
2026-10-01 18:22:00,13.6,13.6,13.6,13.6,0,39,290.9,0.0547945205479452,,,,,
2026-10-01 18:23:00,13.0,13.0,13.0,13.0,1,39,291.5,0.0547945205479452,,,,,
2026-10-01 18:24:00,13.0,13.0,13.0,13.0,0,39,291.6,0.0547945205479452,,,,,
2026-10-01 18:25:00,13.0,13.0,13.0,13.0,0,39,291.7,0.0547945205479452,,,,,
2026-10-01 18:26:00,13.0,13.0,13.0,13.0,0,39,292.0,0.0547945205479452,,,,,
2026-10-01 18:27:00,13.0,13.0,13.0,13.0,0,39,291.4,0.0547945205479452,,,,,
2026-10-01 18:28:00,13.0,13.0,13.0,13.0,0,39,291.2,0.0547945205479452,,,,,
2026-10-01 18:29:00,13.0,13.0,13.0,13.0,0,39,291.6,0.0547945205479452,,,,,
2026-10-01 18:30:00,12.9,12.9,12.9,12.9,1,39,291.6,0.0547945205479452,,,,,
2026-10-01 18:31:00,12.9,12.9,12.9,12.9,0,39,291.5,0.0547945205479452,,,,,
2026-10-01 18:32:00,13.15,13.15,13.15,13.15,1,40,290.7,0.0547945205479452,,,,,
2026-10-01 18:33:00,13.15,13.15,13.15,13.15,0,40,290.7,0.0547945205479452,,,,,
2026-10-01 18:34:00,13.15,13.15,13.15,13.15,0,40,291.0,0.0547945205479452,,,,,
2026-10-01 18:35:00,13.15,13.15,13.15,13.15,0,40,291.3,0.0547945205479452,,,,,
2026-10-01 18:36:00,13.15,13.15,13.15,13.15,0,40,291.3,0.0547945205479452,,,,,
2026-10-01 18:37:00,13.15,13.15,13.15,13.15,0,40,290.4,0.0547945205479452,,,,,
2026-10-01 18:38:00,13.15,13.15,13.15,13.15,0,40,290.9,0.0547945205479452,,,,,
2026-10-01 18:39:00,13.3,13.3,13.3,13.3,1,41,290.7,0.0547945205479452,,,,,
2026-10-01 18:40:00,13.3,13.3,13.3,13.3,0,41,290.6,0.0547945205479452,,,,,
2026-10-01 18:41:00,13.3,13.3,13.3,13.3,0,41,290.9,0.0547945205479452,,,,,
2026-10-01 18:42:00,13.3,13.3,13.3,13.3,0,41,290.7,0.0547945205479452,,,,,
2026-10-01 18:43:00,13.3,13.3,13.3,13.3,0,41,290.6,0.0547945205479452,,,,,
2026-10-01 18:44:00,13.3,13.3,13.3,13.3,0,41,290.4,0.0547945205479452,,,,,
2026-10-01 18:45:00,13.3,13.3,13.3,13.3,0,41,290.7,0.0547945205479452,,,,,
2026-10-01 18:46:00,13.3,13.3,13.3,13.3,0,41,290.6,0.0547945205479452,,,,,
2026-10-01 18:47:00,13.3,13.3,13.3,13.3,0,41,291.1,0.0547945205479452,,,,,
2026-10-01 18:48:00,13.3,13.3,13.3,13.3,0,41,291.2,0.0547945205479452,,,,,
2026-10-01 18:49:00,13.3,13.3,13.3,13.3,0,41,291.5,0.0547945205479452,,,,,
2026-10-01 18:50:00,13.3,13.3,13.3,13.3,0,41,291.0,0.0547945205479452,,,,,
2026-10-01 18:51:00,13.3,13.3,13.3,13.3,0,41,291.1,0.0547945205479452,,,,,
2026-10-01 18:52:00,13.3,13.3,13.3,13.3,0,41,291.0,0.0547945205479452,,,,,
2026-10-01 18:53:00,13.3,13.3,13.3,13.3,0,41,291.0,0.0547945205479452,,,,,
2026-10-01 18:54:00,13.3,13.3,13.3,13.3,1,41,290.9,0.0547945205479452,,,,,
2026-10-01 18:55:00,13.3,13.3,13.3,13.3,0,41,291.2,0.0547945205479452,,,,,
2026-10-01 18:56:00,13.3,13.3,13.3,13.3,0,41,291.3,0.0547945205479452,,,,,
2026-10-01 18:57:00,13.3,13.3,13.3,13.3,0,41,291.0,0.0547945205479452,,,,,
2026-10-01 18:58:00,13.3,13.3,13.3,13.3,0,41,291.0,0.0547945205479452,,,,,
2026-10-01 18:59:00,13.3,13.3,13.3,13.3,0,41,290.9,0.0547945205479452,,,,,
2026-10-01 19:00:00,13.3,13.3,13.3,13.3,0,41,291.4,0.0547945205479452,,,,,
2026-10-01 19:01:00,13.3,13.3,13.3,13.3,0,41,291.6,0.0547945205479452,,,,,
2026-10-01 19:02:00,13.3,13.3,13.3,13.3,0,41,291.6,0.0547945205479452,,,,,
2026-10-01 19:03:00,13.3,13.3,13.3,13.3,0,41,291.4,0.0547945205479452,,,,,
2026-10-01 19:04:00,13.3,13.3,13.3,13.3,0,41,292.0,0.0547945205479452,,,,,
2026-10-01 19:05:00,13.3,13.3,13.3,13.3,0,41,292.1,0.0547945205479452,,,,,
2026-10-01 19:06:00,13.3,13.3,13.3,13.3,0,41,291.7,0.0547945205479452,,,,,
2026-10-01 19:07:00,13.3,13.3,13.3,13.3,0,41,291.9,0.0547945205479452,,,,,
2026-10-01 19:08:00,13.3,13.3,13.3,13.3,0,41,292.0,0.0547945205479452,,,,,
2026-10-01 19:09:00,13.3,13.3,13.3,13.3,0,41,291.9,0.0547945205479452,,,,,
2026-10-01 19:10:00,12.85,12.85,12.85,12.85,2,41,291.7,0.0547945205479452,,,,,
2026-10-01 19:11:00,12.85,12.85,12.85,12.85,0,41,291.7,0.0547945205479452,,,,,
2026-10-01 19:12:00,12.85,12.85,12.85,12.85,0,41,291.5,0.0547945205479452,,,,,
2026-10-01 19:13:00,12.85,12.85,12.85,12.85,0,41,291.5,0.0547945205479452,,,,,
2026-10-01 19:14:00,12.85,12.85,12.85,12.85,0,41,291.2,0.0547945205479452,,,,,
2026-10-01 19:15:00,12.85,12.85,12.85,12.85,0,41,291.0,0.0547945205479452,,,,,
2026-10-01 19:16:00,12.85,12.85,12.85,12.85,0,41,290.7,0.0547945205479452,,,,,
2026-10-01 19:17:00,13.5,13.5,13.5,13.5,1,41,290.4,0.0547945205479452,,,,,
2026-10-01 19:18:00,13.5,13.5,13.5,13.5,0,41,290.2,0.0547945205479452,,,,,
2026-10-01 19:19:00,13.5,13.5,13.5,13.5,0,41,290.1,0.0547945205479452,,,,,
2026-10-01 19:20:00,13.5,13.5,13.5,13.5,0,41,290.1,0.0547945205479452,,,,,
2026-10-01 19:21:00,13.65,13.65,13.5,13.5,2,41,290.7,0.0547945205479452,,,,,
2026-10-01 19:22:00,13.5,13.5,13.5,13.5,0,41,290.6,0.0547945205479452,,,,,
2026-10-01 19:23:00,13.5,13.5,13.5,13.5,10,41,290.7,0.0547945205479452,,,,,
2026-10-01 19:24:00,13.5,13.5,13.5,13.5,0,41,290.0,0.0547945205479452,,,,,
2026-10-01 19:25:00,13.5,13.5,13.5,13.5,0,41,289.9,0.0547945205479452,,,,,
2026-10-01 19:26:00,13.5,13.5,13.5,13.5,0,41,290.1,0.0547945205479452,,,,,
2026-10-01 19:27:00,13.5,13.5,13.5,13.5,0,41,290.3,0.0547945205479452,,,,,
2026-10-01 19:28:00,13.5,13.5,13.5,13.5,0,41,290.7,0.0547945205479452,,,,,
2026-10-01 19:29:00,13.4,13.4,13.4,13.4,2,44,290.3,0.0547945205479452,,,,,
2026-10-01 19:30:00,13.4,13.4,13.4,13.4,0,44,290.2,0.0547945205479452,,,,,
2026-10-01 19:31:00,13.4,13.4,13.4,13.4,0,44,290.1,0.0547945205479452,,,,,
2026-10-01 19:32:00,13.4,13.4,13.4,13.4,0,44,289.9,0.0547945205479452,,,,,
2026-10-01 19:33:00,13.4,13.4,13.4,13.4,0,44,290.5,0.0547945205479452,,,,,
2026-10-01 19:34:00,13.4,13.4,13.4,13.4,0,44,290.5,0.0547945205479452,,,,,
2026-10-01 19:35:00,13.4,13.4,13.4,13.4,0,44,290.6,0.0547945205479452,,,,,
2026-10-01 19:36:00,13.4,13.4,13.4,13.4,0,44,290.6,0.0547945205479452,,,,,
2026-10-01 19:37:00,13.4,13.4,13.4,13.4,0,44,290.4,0.0547945205479452,,,,,
2026-10-01 19:38:00,13.4,13.4,13.4,13.4,0,44,290.5,0.0547945205479452,,,,,
2026-10-01 19:39:00,13.4,13.4,13.4,13.4,0,44,290.5,0.0547945205479452,,,,,
2026-10-01 19:40:00,13.4,13.4,13.4,13.4,0,44,290.3,0.0547945205479452,,,,,
2026-10-01 19:41:00,13.4,13.4,13.4,13.4,0,44,291.4,0.0547945205479452,,,,,
2026-10-01 19:42:00,13.4,13.4,13.4,13.4,0,44,291.5,0.0547945205479452,,,,,
2026-10-01 19:43:00,13.0,13.0,13.0,13.0,10,42,291.5,0.0547945205479452,,,,,
2026-10-01 19:44:00,13.0,13.0,13.0,13.0,0,42,291.2,0.0547945205479452,,,,,
2026-10-01 19:45:00,13.0,13.0,13.0,13.0,0,42,290.6,0.0547945205479452,,,,,
2026-10-01 19:46:00,13.0,13.0,13.0,13.0,0,42,290.9,0.0547945205479452,,,,,
2026-10-01 19:47:00,13.0,13.0,13.0,13.0,0,42,290.7,0.0547945205479452,,,,,
2026-10-01 19:48:00,13.0,13.0,13.0,13.0,0,42,291.1,0.0547945205479452,,,,,
2026-10-01 19:49:00,13.0,13.0,13.0,13.0,0,42,290.9,0.0547945205479452,,,,,
2026-10-01 19:50:00,13.0,13.0,13.0,13.0,0,42,290.8,0.0547945205479452,,,,,
2026-10-01 19:51:00,13.0,13.0,13.0,13.0,0,42,290.3,0.0547945205479452,,,,,
2026-10-01 19:52:00,13.0,13.0,13.0,13.0,0,42,290.2,0.0547945205479452,,,,,
2026-10-01 19:53:00,13.85,13.85,13.85,13.85,1,45,290.0,0.0547945205479452,,,,,
2026-10-01 19:54:00,13.85,13.85,13.85,13.85,0,45,290.7,0.0547945205479452,,,,,
2026-10-01 19:55:00,13.2,13.2,13.2,13.2,1,44,291.2,0.0547945205479452,,,,,
2026-10-01 19:56:00,13.2,13.2,13.2,13.2,0,44,290.6,0.0547945205479452,,,,,
2026-10-01 19:57:00,13.2,13.2,13.2,13.2,0,44,290.1,0.0547945205479452,,,,,
2026-10-01 19:58:00,13.2,13.2,13.2,13.2,0,44,290.2,0.0547945205479452,,,,,
2026-10-01 19:59:00,13.2,13.2,13.2,13.2,0,44,290.2,0.0547945205479452,,,,,
2026-10-01 20:00:00,13.6,14.0,13.5,13.55,38,43,289.9,0.0547945205479452,,,,,
2026-10-01 20:01:00,13.9,13.95,13.75,13.75,3,44,289.7,0.0547945205479452,,,,,
2026-10-01 20:02:00,13.75,13.75,13.75,13.75,0,44,289.7,0.0547945205479452,,,,,
2026-10-01 20:03:00,13.75,13.75,13.75,13.75,0,44,290.0,0.0547945205479452,,,,,
2026-10-01 20:04:00,13.75,13.75,13.75,13.75,0,44,289.7,0.0547945205479452,,,,,
2026-10-01 20:05:00,13.75,13.75,13.75,13.75,0,44,289.8,0.0547945205479452,,,,,
2026-10-01 20:06:00,13.75,13.75,13.75,13.75,0,44,289.5,0.0547945205479452,,,,,
2026-10-01 20:07:00,13.75,13.75,13.75,13.75,0,44,290.3,0.0547945205479452,,,,,
2026-10-01 20:08:00,13.75,13.75,13.75,13.75,0,44,289.9,0.0547945205479452,,,,,
2026-10-01 20:09:00,13.75,13.75,13.75,13.75,0,44,290.0,0.0547945205479452,,,,,
2026-10-01 20:10:00,13.75,13.75,13.75,13.75,0,44,290.3,0.0547945205479452,,,,,
2026-10-01 20:11:00,13.75,13.75,13.75,13.75,0,44,290.1,0.0547945205479452,,,,,
2026-10-01 20:12:00,13.75,13.75,13.75,13.75,0,44,290.3,0.0547945205479452,,,,,
2026-10-01 20:13:00,13.75,13.75,13.75,13.75,0,44,290.3,0.0547945205479452,,,,,
2026-10-01 20:14:00,13.75,13.75,13.75,13.75,0,44,289.9,0.0547945205479452,,,,,
2026-10-01 20:15:00,13.75,13.75,13.75,13.75,0,44,289.8,0.0547945205479452,,,,,
2026-10-01 20:16:00,13.75,13.75,13.75,13.75,0,44,289.7,0.0547945205479452,,,,,
2026-10-01 20:17:00,13.75,13.75,13.75,13.75,0,44,289.9,0.0547945205479452,,,,,
2026-10-01 20:18:00,13.75,13.75,13.75,13.75,0,44,290.0,0.0547945205479452,,,,,
2026-10-01 20:19:00,13.75,13.75,13.75,13.75,0,44,290.0,0.0547945205479452,,,,,
2026-10-01 20:20:00,13.75,13.75,13.75,13.75,0,44,290.3,0.0547945205479452,,,,,
2026-10-01 20:21:00,13.75,13.75,13.75,13.75,0,44,289.5,0.0547945205479452,,,,,
2026-10-01 20:22:00,13.75,13.75,13.75,13.75,0,44,289.7,0.0547945205479452,,,,,
2026-10-01 20:23:00,13.75,13.75,13.75,13.75,0,44,289.5,0.0547945205479452,,,,,
2026-10-01 20:24:00,13.75,13.75,13.75,13.75,0,44,289.6,0.0547945205479452,,,,,
2026-10-01 20:25:00,13.75,13.75,13.75,13.75,0,44,289.1,0.0547945205479452,,,,,
2026-10-01 20:26:00,14.2,14.2,14.2,14.2,4,44,288.7,0.0547945205479452,,,,,
2026-10-01 20:27:00,14.2,14.2,14.2,14.2,0,44,288.7,0.0547945205479452,,,,,
2026-10-01 20:28:00,14.2,14.2,14.2,14.2,0,44,288.7,0.0547945205479452,,,,,
2026-10-01 20:29:00,14.2,14.2,14.2,14.2,0,44,288.5,0.0547945205479452,,,,,
2026-10-01 20:30:00,14.2,14.2,14.2,14.2,0,44,288.4,0.0547945205479452,,,,,
2026-10-01 20:31:00,14.2,14.2,14.2,14.2,0,44,288.9,0.0547945205479452,,,,,
2026-10-01 20:32:00,14.2,14.2,14.2,14.2,0,44,288.8,0.0547945205479452,,,,,
2026-10-01 20:33:00,14.2,14.2,14.2,14.2,0,44,288.8,0.0547945205479452,,,,,
2026-10-01 20:34:00,14.3,14.3,14.3,14.3,1,42,288.7,0.0547945205479452,,,,,
2026-10-01 20:35:00,14.3,14.3,14.3,14.3,0,42,288.7,0.0547945205479452,,,,,
2026-10-01 20:36:00,14.3,14.3,14.3,14.3,0,42,288.6,0.0547945205479452,,,,,
2026-10-01 20:37:00,14.3,14.3,14.3,14.3,0,42,288.7,0.0547945205479452,,,,,
2026-10-01 20:38:00,14.3,14.3,14.3,14.3,0,42,288.6,0.0547945205479452,,,,,
2026-10-01 20:39:00,14.3,14.3,14.3,14.3,0,42,289.2,0.0547945205479452,,,,,
2026-10-01 20:40:00,14.3,14.3,14.3,14.3,0,42,289.4,0.0547945205479452,,,,,
2026-10-01 20:41:00,14.3,14.3,14.3,14.3,0,42,290.0,0.0547945205479452,,,,,
2026-10-01 20:42:00,14.3,14.3,14.3,14.3,0,42,290.5,0.0547945205479452,,,,,
2026-10-01 20:43:00,14.3,14.3,14.3,14.3,0,42,290.8,0.0547945205479452,,,,,
2026-10-01 20:44:00,14.3,14.3,14.3,14.3,0,42,290.8,0.0547945205479452,,,,,
2026-10-01 20:45:00,14.3,14.3,14.3,14.3,0,42,290.0,0.0547945205479452,,,,,
2026-10-01 20:46:00,14.3,14.3,14.3,14.3,0,42,290.0,0.0547945205479452,,,,,
2026-10-01 20:47:00,14.3,14.3,14.3,14.3,0,42,289.9,0.0547945205479452,,,,,
2026-10-01 20:48:00,13.85,13.85,13.85,13.85,1,42,289.5,0.0547945205479452,,,,,
2026-10-01 20:49:00,13.9,13.9,13.9,13.9,1,42,289.4,0.0547945205479452,,,,,
2026-10-01 20:50:00,13.7,13.7,13.7,13.7,1,42,289.8,0.0547945205479452,,,,,
2026-10-01 20:51:00,13.7,13.7,13.7,13.7,0,42,289.7,0.0547945205479452,,,,,
2026-10-01 20:52:00,13.7,13.7,13.7,13.7,0,42,289.7,0.0547945205479452,,,,,
2026-10-01 20:53:00,13.7,13.7,13.7,13.7,0,42,289.5,0.0547945205479452,,,,,
2026-10-01 20:54:00,13.7,13.7,13.7,13.7,0,42,289.8,0.0547945205479452,,,,,
2026-10-01 20:55:00,13.7,13.7,13.7,13.7,0,42,289.8,0.0547945205479452,,,,,
2026-10-01 20:56:00,13.7,13.7,13.7,13.7,0,42,289.5,0.0547945205479452,,,,,
2026-10-01 20:57:00,13.7,13.7,13.7,13.7,0,42,289.1,0.0547945205479452,,,,,
2026-10-01 20:58:00,13.7,13.7,13.7,13.7,0,42,288.9,0.0547945205479452,,,,,
2026-10-01 20:59:00,13.7,13.7,13.7,13.7,0,42,289.0,0.0547945205479452,,,,,
2026-10-01 21:00:00,13.7,13.7,13.7,13.7,0,42,288.9,0.0547945205479452,,,,,
2026-10-01 21:01:00,13.7,13.7,13.7,13.7,0,42,289.2,0.0547945205479452,,,,,
2026-10-01 21:02:00,13.7,13.7,13.7,13.7,0,42,289.3,0.0547945205479452,,,,,
2026-10-01 21:03:00,13.7,13.7,13.7,13.7,0,42,289.7,0.0547945205479452,,,,,
2026-10-01 21:04:00,13.7,13.7,13.7,13.7,0,42,289.3,0.0547945205479452,,,,,
2026-10-01 21:05:00,13.7,13.7,13.7,13.7,0,42,289.3,0.0547945205479452,,,,,
2026-10-01 21:06:00,13.7,13.7,13.7,13.7,0,42,289.4,0.0547945205479452,,,,,
2026-10-01 21:07:00,13.7,13.7,13.7,13.7,0,42,289.9,0.0547945205479452,,,,,
2026-10-01 21:08:00,13.7,13.7,13.7,13.7,0,42,289.8,0.0547945205479452,,,,,
2026-10-01 21:09:00,13.7,13.7,13.7,13.7,0,42,290.0,0.0547945205479452,,,,,
2026-10-01 21:10:00,13.65,13.65,13.65,13.65,1,41,289.9,0.0547945205479452,,,,,
2026-10-01 21:11:00,13.65,13.65,13.65,13.65,0,41,290.0,0.0547945205479452,,,,,
2026-10-01 21:12:00,13.65,13.65,13.65,13.65,0,41,290.3,0.0547945205479452,,,,,
2026-10-01 21:13:00,13.65,13.65,13.65,13.65,0,41,290.4,0.0547945205479452,,,,,
2026-10-01 21:14:00,13.65,13.65,13.65,13.65,0,41,290.3,0.0547945205479452,,,,,
2026-10-01 21:15:00,13.65,13.65,13.65,13.65,0,41,290.0,0.0547945205479452,,,,,
2026-10-01 21:16:00,13.65,13.65,13.65,13.65,0,41,290.2,0.0547945205479452,,,,,
2026-10-01 21:17:00,13.45,13.45,13.45,13.45,1,41,290.4,0.0547945205479452,,,,,
2026-10-01 21:18:00,13.45,13.45,13.45,13.45,0,41,290.2,0.0547945205479452,,,,,
2026-10-01 21:19:00,13.45,13.45,13.45,13.45,0,41,290.4,0.0547945205479452,,,,,
2026-10-01 21:20:00,13.45,13.45,13.45,13.45,0,41,290.1,0.0547945205479452,,,,,
2026-10-01 21:21:00,13.45,13.45,13.45,13.45,0,41,289.6,0.0547945205479452,,,,,
2026-10-01 21:22:00,13.45,13.45,13.45,13.45,0,41,289.6,0.0547945205479452,,,,,
2026-10-01 21:23:00,13.45,13.45,13.45,13.45,0,41,288.8,0.0547945205479452,,,,,
2026-10-01 21:24:00,13.45,13.45,13.45,13.45,0,41,289.0,0.0547945205479452,,,,,
2026-10-01 21:25:00,13.45,13.45,13.45,13.45,0,41,289.0,0.0547945205479452,,,,,
2026-10-01 21:26:00,13.45,13.45,13.45,13.45,0,41,288.9,0.0547945205479452,,,,,
2026-10-01 21:27:00,13.45,13.45,13.45,13.45,0,41,288.8,0.0547945205479452,,,,,
2026-10-01 21:28:00,13.45,13.45,13.45,13.45,0,41,288.6,0.0547945205479452,,,,,
2026-10-01 21:29:00,13.45,13.45,13.45,13.45,0,41,288.3,0.0547945205479452,,,,,
2026-10-01 21:30:00,13.45,13.45,13.45,13.45,0,41,288.3,0.0547945205479452,,,,,
2026-10-01 21:31:00,13.45,13.45,13.45,13.45,0,41,288.9,0.0547945205479452,,,,,
2026-10-01 21:32:00,13.45,13.45,13.45,13.45,0,41,288.8,0.0547945205479452,,,,,
2026-10-01 21:33:00,13.45,13.45,13.45,13.45,0,41,288.8,0.0547945205479452,,,,,
2026-10-01 21:34:00,13.45,13.45,13.45,13.45,0,41,288.7,0.0547945205479452,,,,,
2026-10-01 21:35:00,14.4,14.4,14.4,14.4,1,40,288.5,0.0547945205479452,,,,,
2026-10-01 21:36:00,14.4,14.4,14.4,14.4,0,40,288.8,0.0547945205479452,,,,,
2026-10-01 21:37:00,14.4,14.4,14.4,14.4,2,41,288.5,0.0547945205479452,,,,,
2026-10-01 21:38:00,14.4,14.4,14.4,14.4,1,43,288.9,0.0547945205479452,,,,,
2026-10-01 21:39:00,14.4,14.4,14.4,14.4,0,43,288.7,0.0547945205479452,,,,,
2026-10-01 21:40:00,14.4,14.4,14.4,14.4,0,43,288.4,0.0547945205479452,,,,,
2026-10-01 21:41:00,14.4,14.4,14.4,14.4,0,43,288.6,0.0547945205479452,,,,,
2026-10-01 21:42:00,14.4,14.4,14.4,14.4,1,43,288.3,0.0547945205479452,,,,,
2026-10-01 21:43:00,14.4,14.4,14.4,14.4,0,43,288.4,0.0547945205479452,,,,,
2026-10-01 21:44:00,14.4,14.4,14.4,14.4,0,43,288.1,0.0547945205479452,,,,,
2026-10-01 21:45:00,14.4,14.4,14.4,14.4,0,43,288.7,0.0547945205479452,,,,,
2026-10-01 21:46:00,14.4,14.4,14.4,14.4,0,43,288.7,0.0547945205479452,,,,,
2026-10-01 21:47:00,14.4,14.4,14.4,14.4,0,43,288.7,0.0547945205479452,,,,,
2026-10-01 21:48:00,14.4,14.4,14.4,14.4,0,43,288.7,0.0547945205479452,,,,,
2026-10-01 21:49:00,14.4,14.4,14.4,14.4,0,43,288.6,0.0547945205479452,,,,,
2026-10-01 21:50:00,14.4,14.4,14.4,14.4,0,43,288.5,0.0547945205479452,,,,,
2026-10-01 21:51:00,14.4,14.4,14.4,14.4,0,43,288.2,0.0547945205479452,,,,,
2026-10-01 21:52:00,14.4,14.4,14.4,14.4,0,43,288.3,0.0547945205479452,,,,,
2026-10-01 21:53:00,14.4,14.4,14.4,14.4,0,43,288.3,0.0547945205479452,,,,,
2026-10-01 21:54:00,14.4,14.4,14.4,14.4,0,43,288.2,0.0547945205479452,,,,,
2026-10-01 21:55:00,14.4,14.4,14.4,14.4,0,43,288.4,0.0547945205479452,,,,,
2026-10-01 21:56:00,14.4,14.4,14.4,14.4,0,43,288.4,0.0547945205479452,,,,,
2026-10-01 21:57:00,14.4,14.4,14.4,14.4,0,43,288.0,0.0547945205479452,,,,,
2026-10-01 21:58:00,14.4,14.4,14.4,14.4,0,43,287.8,0.0547945205479452,,,,,
2026-10-01 21:59:00,14.4,14.4,14.4,14.4,0,43,287.7,0.0547945205479452,,,,,
2026-10-01 22:00:00,14.4,14.4,14.4,14.4,0,43,287.1,0.0547945205479452,,,,,
2026-10-01 22:01:00,14.4,14.4,14.4,14.4,0,43,287.3,0.0547945205479452,,,,,
2026-10-01 22:02:00,14.4,14.4,14.4,14.4,0,43,287.0,0.0547945205479452,,,,,
2026-10-01 22:03:00,14.4,14.4,14.4,14.4,0,43,287.2,0.0547945205479452,,,,,
2026-10-01 22:04:00,14.4,14.4,14.4,14.4,0,43,287.1,0.0547945205479452,,,,,
2026-10-01 22:05:00,14.4,14.4,14.4,14.4,0,43,287.0,0.0547945205479452,,,,,
2026-10-01 22:06:00,14.4,14.4,14.4,14.4,0,43,287.2,0.0547945205479452,,,,,
2026-10-01 22:07:00,14.4,14.4,14.4,14.4,0,43,286.8,0.0547945205479452,,,,,
2026-10-01 22:08:00,14.4,14.4,14.4,14.4,0,43,287.0,0.0547945205479452,,,,,
2026-10-01 22:09:00,14.4,14.4,14.4,14.4,0,43,287.2,0.0547945205479452,,,,,
2026-10-01 22:10:00,14.4,14.4,14.4,14.4,0,43,287.3,0.0547945205479452,,,,,
2026-10-01 22:11:00,14.4,14.4,14.4,14.4,0,43,287.7,0.0547945205479452,,,,,
2026-10-01 22:12:00,14.4,14.4,14.4,14.4,0,43,287.7,0.0547945205479452,,,,,
2026-10-01 22:13:00,14.4,14.4,14.4,14.4,0,43,287.5,0.0547945205479452,,,,,
2026-10-01 22:14:00,14.4,14.4,14.4,14.4,0,43,287.6,0.0547945205479452,,,,,
2026-10-01 22:15:00,14.4,14.4,14.4,14.4,0,43,287.4,0.0547945205479452,,,,,
2026-10-01 22:16:00,14.4,14.4,14.4,14.4,0,43,287.3,0.0547945205479452,,,,,
2026-10-01 22:17:00,14.4,14.4,14.4,14.4,0,43,287.4,0.0547945205479452,,,,,
2026-10-01 22:18:00,14.4,14.4,14.4,14.4,0,43,287.4,0.0547945205479452,,,,,
2026-10-01 22:19:00,14.4,14.4,14.4,14.4,0,43,287.5,0.0547945205479452,,,,,
2026-10-01 22:20:00,14.4,14.4,14.4,14.4,0,43,287.5,0.0547945205479452,,,,,
2026-10-01 22:21:00,14.4,14.4,14.4,14.4,0,43,287.5,0.0547945205479452,,,,,
2026-10-01 22:22:00,14.4,14.4,14.4,14.4,0,43,287.4,0.0547945205479452,,,,,
2026-10-01 22:23:00,14.4,14.4,14.4,14.4,0,43,287.4,0.0547945205479452,,,,,
2026-10-01 22:24:00,14.4,14.4,14.4,14.4,0,43,287.2,0.0547945205479452,,,,,
2026-10-01 22:25:00,14.4,14.4,14.4,14.4,0,43,287.2,0.0547945205479452,,,,,
2026-10-01 22:26:00,14.4,14.4,14.4,14.4,0,43,287.3,0.0547945205479452,,,,,
2026-10-01 22:27:00,14.4,14.4,14.4,14.4,0,43,287.2,0.0547945205479452,,,,,
2026-10-01 22:28:00,14.4,14.4,14.4,14.4,0,43,287.2,0.0547945205479452,,,,,
2026-10-01 22:29:00,14.4,14.4,14.4,14.4,0,43,287.3,0.0547945205479452,,,,,
2026-10-01 22:30:00,14.4,14.4,14.4,14.4,0,43,287.4,0.0547945205479452,,,,,
2026-10-01 22:31:00,14.4,14.4,14.4,14.4,0,43,287.4,0.0547945205479452,,,,,
2026-10-01 22:32:00,14.4,14.4,14.4,14.4,0,43,287.6,0.0547945205479452,,,,,
2026-10-01 22:33:00,14.4,14.4,14.4,14.4,0,43,287.3,0.0547945205479452,,,,,
2026-10-01 22:34:00,14.4,14.4,14.4,14.4,0,43,287.3,0.0547945205479452,,,,,
2026-10-01 22:35:00,14.4,14.4,14.4,14.4,0,43,287.5,0.0547945205479452,,,,,
2026-10-01 22:36:00,14.4,14.4,14.4,14.4,0,43,287.5,0.0547945205479452,,,,,
2026-10-01 22:37:00,14.4,14.4,14.4,14.4,0,43,287.8,0.0547945205479452,,,,,
2026-10-01 22:38:00,14.4,14.4,14.4,14.4,0,43,287.6,0.0547945205479452,,,,,
2026-10-01 22:39:00,14.4,14.4,14.4,14.4,0,43,287.3,0.0547945205479452,,,,,
2026-10-01 22:40:00,14.4,14.4,14.4,14.4,0,43,287.2,0.0547945205479452,,,,,
2026-10-01 22:41:00,14.4,14.4,14.4,14.4,0,43,287.4,0.0547945205479452,,,,,
2026-10-01 22:42:00,14.4,14.4,14.4,14.4,0,43,287.4,0.0547945205479452,,,,,
2026-10-01 22:43:00,14.4,14.4,14.4,14.4,0,43,287.4,0.0547945205479452,,,,,
2026-10-01 22:44:00,14.4,14.4,14.4,14.4,0,43,287.3,0.0547945205479452,,,,,
2026-10-01 22:45:00,14.4,14.4,14.4,14.4,0,43,287.3,0.0547945205479452,,,,,
2026-10-01 22:46:00,14.4,14.4,14.4,14.4,0,43,287.2,0.0547945205479452,,,,,
2026-10-01 22:47:00,14.4,14.4,14.4,14.4,0,43,287.2,0.0547945205479452,,,,,
2026-10-01 22:48:00,14.4,14.4,14.4,14.4,0,43,287.2,0.0547945205479452,,,,,
2026-10-01 22:49:00,14.4,14.4,14.4,14.4,0,43,287.2,0.0547945205479452,,,,,
2026-10-01 22:50:00,14.4,14.4,14.4,14.4,0,43,287.0,0.0547945205479452,,,,,
2026-10-01 22:51:00,14.4,14.4,14.4,14.4,0,43,287.0,0.0547945205479452,,,,,
2026-10-01 22:52:00,14.4,14.4,14.4,14.4,0,43,286.8,0.0547945205479452,,,,,
2026-10-01 22:53:00,14.4,14.4,14.4,14.4,0,43,286.9,0.0547945205479452,,,,,
2026-10-01 22:54:00,14.4,14.4,14.4,14.4,0,43,287.1,0.0547945205479452,,,,,
2026-10-01 22:55:00,14.4,14.4,14.4,14.4,0,43,287.1,0.0547945205479452,,,,,
2026-10-01 22:56:00,14.4,14.4,14.4,14.4,0,43,287.2,0.0547945205479452,,,,,
2026-10-01 22:57:00,14.4,14.4,14.4,14.4,0,43,287.4,0.0547945205479452,,,,,
2026-10-01 22:58:00,14.4,14.4,14.4,14.4,0,43,287.3,0.0547945205479452,,,,,
2026-10-01 22:59:00,14.4,14.4,14.4,14.4,0,43,287.4,0.0547945205479452,,,,,
2026-10-01 23:00:00,14.4,14.4,14.4,14.4,0,43,287.3,0.0547945205479452,,,,,
2026-10-01 23:01:00,14.4,14.4,14.4,14.4,0,43,287.5,0.0547945205479452,,,,,
2026-10-01 23:02:00,14.4,14.4,14.4,14.4,0,43,287.3,0.0547945205479452,,,,,
2026-10-01 23:03:00,14.4,14.4,14.4,14.4,0,43,287.1,0.0547945205479452,,,,,
2026-10-01 23:04:00,14.4,14.4,14.4,14.4,0,43,287.2,0.0547945205479452,,,,,
2026-10-01 23:05:00,14.4,14.4,14.4,14.4,0,43,287.5,0.0547945205479452,,,,,
2026-10-01 23:06:00,14.9,14.9,14.9,14.9,1,43,287.7,0.0547945205479452,,,,,
2026-10-01 23:07:00,14.9,14.9,14.9,14.9,0,43,287.6,0.0547945205479452,,,,,
2026-10-01 23:08:00,14.9,14.9,14.9,14.9,0,43,287.6,0.0547945205479452,,,,,
2026-10-01 23:09:00,14.9,14.9,14.9,14.9,0,43,287.3,0.0547945205479452,,,,,
2026-10-01 23:10:00,14.9,14.9,14.9,14.9,0,43,287.2,0.0547945205479452,,,,,
2026-10-01 23:11:00,14.9,14.9,14.9,14.9,0,43,287.3,0.0547945205479452,,,,,
2026-10-01 23:12:00,14.9,14.9,14.9,14.9,0,43,287.3,0.0547945205479452,,,,,
2026-10-01 23:13:00,14.9,14.9,14.9,14.9,0,43,287.3,0.0547945205479452,,,,,
2026-10-01 23:14:00,14.9,14.9,14.9,14.9,0,43,287.3,0.0547945205479452,,,,,
2026-10-01 23:15:00,14.9,14.9,14.9,14.9,0,43,287.4,0.0547945205479452,,,,,
2026-10-01 23:16:00,14.9,14.9,14.9,14.9,0,43,287.3,0.0547945205479452,,,,,
2026-10-01 23:17:00,14.9,14.9,14.9,14.9,0,43,287.4,0.0547945205479452,,,,,
2026-10-01 23:18:00,14.9,14.9,14.9,14.9,0,43,287.5,0.0547945205479452,,,,,
2026-10-01 23:19:00,14.9,14.9,14.9,14.9,0,43,287.4,0.0547945205479452,,,,,
2026-10-01 23:20:00,14.9,14.9,14.9,14.9,0,43,287.5,0.0547945205479452,,,,,
2026-10-01 23:21:00,14.9,14.9,14.9,14.9,0,43,287.4,0.0547945205479452,,,,,
2026-10-01 23:22:00,14.95,14.95,14.95,14.95,1,43,287.3,0.0547945205479452,,,,,
2026-10-01 23:23:00,14.95,14.95,14.95,14.95,0,43,287.1,0.0547945205479452,,,,,
2026-10-01 23:24:00,14.95,14.95,14.95,14.95,0,43,287.2,0.0547945205479452,,,,,
2026-10-01 23:25:00,14.95,14.95,14.95,14.95,0,43,287.4,0.0547945205479452,,,,,
2026-10-01 23:26:00,14.95,14.95,14.95,14.95,0,43,287.4,0.0547945205479452,,,,,
2026-10-01 23:27:00,14.95,14.95,14.95,14.95,0,43,287.6,0.0547945205479452,,,,,
2026-10-01 23:28:00,14.9,14.9,14.9,14.9,2,42,287.7,0.0547945205479452,,,,,
2026-10-01 23:29:00,14.9,14.9,14.9,14.9,0,42,288.1,0.0547945205479452,,,,,
