Date,Open,High,Low,Close,Volume,OpenInterest
2026-08-11 09:15:00,3505.4,3514.6,3503.7,3507.5,14032,0
2026-08-11 09:16:00,3507.5,3509.7,3497.2,3505.4,19312,0
2026-08-11 09:17:00,3506.0,3508.4,3502.1,3503.8,9335,0
2026-08-11 09:18:00,3503.8,3503.8,3496.3,3499.6,8831,0
2026-08-11 09:19:00,3499.6,3499.9,3493.9,3496.1,7557,0
2026-08-11 09:20:00,3496.1,3496.2,3491.3,3491.3,6892,0
2026-08-11 09:21:00,3492.4,3492.8,3490.0,3491.5,7416,0
2026-08-11 09:22:00,3491.5,3494.7,3491.1,3492.1,7751,0
2026-08-11 09:23:00,3492.8,3493.0,3490.0,3490.4,5953,0
2026-08-11 09:24:00,3491.5,3500.0,3489.0,3499.8,14196,0
2026-08-11 09:25:00,3500.0,3503.6,3497.7,3503.5,7449,0
2026-08-11 09:26:00,3502.8,3503.9,3500.6,3501.1,8604,0
2026-08-11 09:27:00,3502.0,3503.5,3498.0,3503.5,14840,0
2026-08-11 09:28:00,3502.9,3504.8,3500.3,3502.0,6242,0
2026-08-11 09:29:00,3503.0,3504.9,3502.0,3504.0,2989,0
2026-08-11 09:30:00,3503.8,3506.1,3500.7,3503.7,11699,0
2026-08-11 09:31:00,3504.2,3512.9,3504.1,3511.1,10341,0
2026-08-11 09:32:00,3510.1,3512.2,3509.2,3510.0,2519,0
2026-08-11 09:33:00,3510.2,3510.9,3508.5,3510.1,11653,0
2026-08-11 09:34:00,3509.1,3510.1,3500.8,3506.3,14636,0
2026-08-11 09:35:00,3506.3,3509.5,3505.4,3508.0,3041,0
2026-08-11 09:36:00,3508.0,3509.0,3507.0,3508.0,1690,0
2026-08-11 09:37:00,3507.7,3510.0,3507.7,3508.3,2997,0
2026-08-11 09:38:00,3508.3,3509.1,3506.3,3508.1,2402,0
2026-08-11 09:39:00,3508.2,3509.6,3507.0,3509.6,1453,0
2026-08-11 09:40:00,3509.7,3509.9,3507.1,3508.2,1977,0
2026-08-11 09:41:00,3509.5,3509.5,3508.0,3508.6,962,0
2026-08-11 09:42:00,3508.7,3509.5,3506.0,3506.5,2211,0
2026-08-11 09:43:00,3506.1,3507.4,3504.4,3504.4,3782,0
2026-08-11 09:44:00,3504.4,3505.0,3504.1,3504.2,3011,0
2026-08-11 09:45:00,3504.2,3506.5,3503.3,3506.5,8260,0
2026-08-11 09:46:00,3507.2,3507.2,3501.9,3502.1,3655,0
2026-08-11 09:47:00,3502.9,3507.2,3501.4,3502.4,6049,0
2026-08-11 09:48:00,3503.3,3503.3,3502.0,3502.6,1865,0
2026-08-11 09:49:00,3502.6,3502.9,3501.3,3502.4,1275,0
2026-08-11 09:50:00,3502.3,3504.5,3501.0,3504.1,4079,0
2026-08-11 09:51:00,3504.2,3506.9,3504.0,3506.0,3466,0
2026-08-11 09:52:00,3505.3,3506.0,3504.4,3505.0,2077,0
2026-08-11 09:53:00,3505.0,3505.5,3504.3,3504.4,1264,0
2026-08-11 09:54:00,3505.3,3505.4,3503.2,3504.5,2370,0
2026-08-11 09:55:00,3503.5,3504.4,3501.7,3503.8,3482,0
2026-08-11 09:56:00,3503.8,3504.0,3502.2,3503.4,1714,0
2026-08-11 09:57:00,3503.4,3503.5,3501.5,3503.0,1300,0
2026-08-11 09:58:00,3503.0,3505.0,3502.0,3504.4,1577,0
2026-08-11 09:59:00,3504.0,3505.8,3503.9,3504.6,1347,0
2026-08-11 10:00:00,3505.2,3506.2,3505.0,3505.5,776,0
2026-08-11 10:01:00,3505.5,3506.4,3505.3,3506.0,698,0
2026-08-11 10:02:00,3506.3,3506.6,3501.1,3502.0,2470,0
2026-08-11 10:03:00,3502.0,3502.7,3500.0,3501.9,4267,0
2026-08-11 10:04:00,3501.9,3502.0,3497.8,3499.4,7454,0
2026-08-11 10:05:00,3499.6,3501.1,3497.9,3499.3,3776,0
2026-08-11 10:06:00,3498.3,3499.2,3497.0,3499.0,4073,0
2026-08-11 10:07:00,3498.2,3500.5,3497.1,3497.1,4353,0
2026-08-11 10:08:00,3497.4,3498.2,3495.0,3495.3,3699,0
2026-08-11 10:09:00,3495.7,3498.6,3495.7,3498.6,2157,0
2026-08-11 10:10:00,3498.6,3498.7,3497.4,3498.3,753,0
2026-08-11 10:11:00,3497.9,3500.5,3497.8,3500.5,2528,0
2026-08-11 10:12:00,3500.2,3501.5,3498.0,3499.3,2584,0
2026-08-11 10:13:00,3498.5,3500.6,3498.0,3498.7,2478,0
2026-08-11 10:14:00,3498.7,3499.2,3496.0,3498.6,3008,0
2026-08-11 10:15:00,3498.6,3500.0,3498.6,3499.7,2076,0
2026-08-11 10:16:00,3499.8,3500.0,3499.3,3499.9,1027,0
2026-08-11 10:17:00,3499.9,3500.0,3499.0,3500.0,1356,0
2026-08-11 10:18:00,3500.0,3500.0,3498.3,3498.6,574,0
2026-08-11 10:19:00,3499.3,3500.0,3498.2,3499.7,1618,0
2026-08-11 10:20:00,3499.7,3501.0,3499.1,3501.0,2679,0
2026-08-11 10:21:00,3500.6,3503.4,3500.6,3501.0,2793,0
2026-08-11 10:22:00,3501.0,3501.4,3500.1,3500.3,935,0
2026-08-11 10:23:00,3500.8,3501.3,3498.1,3500.6,5097,0
2026-08-11 10:24:00,3500.6,3501.8,3498.0,3498.3,13115,0
2026-08-11 10:25:00,3498.3,3498.4,3495.2,3496.0,2573,0
2026-08-11 10:26:00,3496.0,3496.3,3495.8,3496.0,2515,0
2026-08-11 10:27:00,3496.0,3500.6,3495.1,3500.6,12094,0
2026-08-11 10:28:00,3500.8,3501.8,3500.0,3500.4,3864,0
2026-08-11 10:29:00,3500.6,3501.0,3497.8,3500.7,3112,0
2026-08-11 10:30:00,3500.7,3501.0,3499.5,3500.7,4673,0
2026-08-11 10:31:00,3500.7,3503.2,3500.3,3502.4,6190,0
2026-08-11 10:32:00,3502.0,3502.5,3501.4,3501.4,1856,0
2026-08-11 10:33:00,3501.4,3502.3,3501.1,3502.1,1389,0
2026-08-11 10:34:00,3502.0,3503.7,3501.0,3501.1,4063,0
2026-08-11 10:35:00,3501.8,3502.0,3500.1,3501.0,3797,0
2026-08-11 10:36:00,3501.0,3502.0,3500.3,3501.5,1742,0
2026-08-11 10:37:00,3501.8,3502.5,3501.0,3501.6,2264,0
2026-08-11 10:38:00,3501.6,3502.3,3501.0,3501.7,1795,0
2026-08-11 10:39:00,3501.8,3504.5,3501.8,3504.2,1944,0
2026-08-11 10:40:00,3504.1,3504.2,3500.4,3504.0,2710,0
2026-08-11 10:41:00,3503.3,3507.7,3501.5,3503.1,5649,0
2026-08-11 10:42:00,3502.8,3502.9,3500.1,3501.4,1034,0
2026-08-11 10:43:00,3501.4,3501.7,3500.0,3500.0,1175,0
2026-08-11 10:44:00,3501.1,3502.3,3500.1,3501.1,1087,0
2026-08-11 10:45:00,3501.1,3501.4,3495.3,3497.0,10043,0
2026-08-11 10:46:00,3497.0,3498.2,3497.0,3498.1,1696,0
2026-08-11 10:47:00,3498.0,3498.3,3496.1,3497.0,1590,0
2026-08-11 10:48:00,3496.9,3497.0,3496.9,3497.0,550,0
2026-08-11 10:49:00,3497.0,3497.0,3496.1,3496.7,916,0
2026-08-11 10:50:00,3496.2,3498.1,3496.2,3497.6,1646,0
2026-08-11 10:51:00,3498.1,3499.8,3497.7,3499.2,7848,0
2026-08-11 10:52:00,3499.3,3499.6,3498.0,3499.5,1435,0
2026-08-11 10:53:00,3499.6,3504.5,3499.5,3500.8,4222,0
2026-08-11 10:54:00,3500.8,3503.9,3499.6,3502.0,10307,0
2026-08-11 10:55:00,3502.0,3502.4,3500.1,3500.1,1923,0
2026-08-11 10:56:00,3500.1,3503.1,3500.1,3501.3,1403,0
2026-08-11 10:57:00,3502.8,3503.8,3501.0,3502.6,1634,0
2026-08-11 10:58:00,3503.8,3503.8,3502.6,3503.0,1061,0
2026-08-11 10:59:00,3503.1,3503.1,3502.0,3502.3,1109,0
2026-08-11 11:00:00,3502.3,3502.8,3501.1,3501.1,2320,0
2026-08-11 11:01:00,3502.0,3502.2,3500.7,3502.0,6935,0
2026-08-11 11:02:00,3502.0,3502.5,3499.0,3500.5,12641,0
2026-08-11 11:03:00,3499.4,3500.5,3496.2,3498.7,1663,0
2026-08-11 11:04:00,3498.0,3499.4,3497.7,3499.0,990,0
2026-08-11 11:05:00,3498.1,3499.1,3497.7,3499.0,1207,0
2026-08-11 11:06:00,3499.0,3502.2,3498.2,3501.0,2146,0
2026-08-11 11:07:00,3501.0,3502.0,3499.3,3501.4,2825,0
2026-08-11 11:08:00,3499.8,3501.8,3499.3,3500.6,1909,0
2026-08-11 11:09:00,3500.6,3500.6,3496.2,3498.6,3218,0
2026-08-11 11:10:00,3498.6,3499.3,3497.1,3499.1,2971,0
2026-08-11 11:11:00,3499.2,3500.2,3498.1,3499.6,1925,0
2026-08-11 11:12:00,3499.6,3499.9,3498.1,3499.0,915,0
2026-08-11 11:13:00,3499.2,3499.4,3498.1,3498.8,1990,0
2026-08-11 11:14:00,3498.8,3500.5,3498.6,3500.5,1736,0
2026-08-11 11:15:00,3500.3,3501.1,3500.3,3501.1,1906,0
2026-08-11 11:16:00,3501.0,3501.3,3498.7,3501.0,7415,0
2026-08-11 11:17:00,3501.0,3501.0,3498.2,3499.0,885,0
2026-08-11 11:18:00,3499.1,3499.5,3498.0,3499.1,1448,0
2026-08-11 11:19:00,3499.2,3499.2,3498.0,3498.6,953,0
2026-08-11 11:20:00,3499.0,3499.7,3498.1,3499.7,1494,0
2026-08-11 11:21:00,3499.9,3499.9,3498.1,3498.9,1301,0
2026-08-11 11:22:00,3498.2,3498.9,3496.7,3497.4,3396,0
2026-08-11 11:23:00,3496.8,3497.5,3496.1,3497.4,2300,0
2026-08-11 11:24:00,3497.5,3499.1,3496.6,3498.7,1935,0
2026-08-11 11:25:00,3498.7,3498.7,3496.7,3497.9,989,0
2026-08-11 11:26:00,3498.7,3499.1,3496.9,3497.8,6211,0
2026-08-11 11:27:00,3497.9,3499.9,3497.1,3499.6,2902,0
2026-08-11 11:28:00,3499.8,3500.0,3497.8,3499.0,8856,0
2026-08-11 11:29:00,3499.7,3500.0,3498.3,3499.1,4062,0
2026-08-11 11:30:00,3499.2,3501.0,3497.4,3501.0,21518,0
2026-08-11 11:31:00,3501.1,3501.5,3498.5,3499.2,7171,0
2026-08-11 11:32:00,3499.0,3499.2,3498.1,3498.1,908,0
2026-08-11 11:33:00,3499.0,3499.2,3495.3,3496.7,8569,0
2026-08-11 11:34:00,3496.7,3499.9,3495.6,3497.6,15797,0
2026-08-11 11:35:00,3497.6,3499.5,3495.7,3495.7,43280,0
2026-08-11 11:36:00,3496.2,3498.9,3495.4,3497.4,6910,0
2026-08-11 11:37:00,3497.8,3497.8,3496.1,3496.7,1638,0
2026-08-11 11:38:00,3496.2,3497.0,3495.3,3496.5,2562,0
2026-08-11 11:39:00,3495.4,3496.5,3495.1,3495.8,1859,0
2026-08-11 11:40:00,3496.2,3496.2,3495.0,3496.1,3730,0
2026-08-11 11:41:00,3495.6,3496.1,3491.7,3492.8,8374,0
2026-08-11 11:42:00,3492.5,3493.5,3490.9,3493.0,4464,0
2026-08-11 11:43:00,3493.0,3495.0,3492.7,3493.9,2761,0
2026-08-11 11:44:00,3494.3,3495.6,3493.9,3495.3,1924,0
2026-08-11 11:45:00,3495.1,3500.3,3495.1,3499.5,7357,0
2026-08-11 11:46:00,3499.5,3500.3,3497.2,3500.0,3473,0
2026-08-11 11:47:00,3499.9,3500.4,3499.5,3499.5,1895,0
2026-08-11 11:48:00,3499.6,3499.6,3496.2,3499.3,7314,0
2026-08-11 11:49:00,3499.5,3502.0,3499.0,3501.3,3167,0
2026-08-11 11:50:00,3501.3,3501.6,3500.0,3500.0,2958,0
2026-08-11 11:51:00,3500.0,3501.8,3497.9,3499.0,4738,0
2026-08-11 11:52:00,3498.3,3500.3,3498.0,3500.0,2875,0
2026-08-11 11:53:00,3500.3,3502.0,3498.4,3498.5,18189,0
2026-08-11 11:54:00,3498.4,3500.4,3496.6,3499.4,7037,0
2026-08-11 11:55:00,3499.6,3500.0,3497.6,3498.6,1565,0
2026-08-11 11:56:00,3498.6,3498.6,3496.1,3497.2,4743,0
2026-08-11 11:57:00,3497.2,3499.6,3496.9,3499.1,3306,0
2026-08-11 11:58:00,3499.1,3499.2,3497.4,3498.4,1699,0
2026-08-11 11:59:00,3498.4,3499.8,3497.1,3499.1,3374,0
2026-08-11 12:00:00,3499.1,3502.0,3499.1,3499.2,3750,0
2026-08-11 12:01:00,3499.2,3500.1,3497.9,3498.6,1839,0
2026-08-11 12:02:00,3498.4,3499.1,3498.3,3499.0,1754,0
2026-08-11 12:03:00,3499.0,3499.1,3497.1,3498.8,2916,0
2026-08-11 12:04:00,3498.7,3499.6,3498.7,3499.3,3061,0
2026-08-11 12:05:00,3499.4,3499.9,3499.2,3499.5,2732,0
2026-08-11 12:06:00,3499.7,3500.7,3499.6,3500.6,2869,0
2026-08-11 12:07:00,3500.7,3502.0,3498.4,3499.0,7429,0
2026-08-11 12:08:00,3499.0,3502.0,3498.4,3499.0,32754,0
2026-08-11 12:09:00,3499.0,3499.3,3496.9,3496.9,2325,0
2026-08-11 12:10:00,3497.7,3498.9,3496.9,3498.0,5235,0
2026-08-11 12:11:00,3498.0,3500.9,3497.9,3499.8,5959,0
2026-08-11 12:12:00,3499.9,3499.9,3499.8,3499.8,2298,0
2026-08-11 12:13:00,3499.9,3499.9,3499.8,3499.9,2858,0
2026-08-11 12:14:00,3499.9,3502.8,3499.7,3502.1,34022,0
2026-08-11 12:15:00,3502.0,3506.3,3501.0,3506.1,7673,0
2026-08-11 12:16:00,3506.2,3506.6,3505.2,3505.8,6063,0
2026-08-11 12:17:00,3505.9,3506.8,3504.3,3505.1,26108,0
2026-08-11 12:18:00,3505.1,3505.4,3503.7,3503.7,22424,0
2026-08-11 12:19:00,3503.7,3504.5,3503.7,3503.7,2963,0
2026-08-11 12:20:00,3503.9,3504.4,3503.7,3504.0,6183,0
2026-08-11 12:21:00,3504.0,3504.0,3503.1,3503.3,4807,0
2026-08-11 12:22:00,3503.2,3503.2,3501.0,3502.1,15244,0
2026-08-11 12:23:00,3502.2,3503.0,3501.5,3503.0,21772,0
2026-08-11 12:24:00,3503.0,3504.0,3501.0,3501.1,18778,0
2026-08-11 12:25:00,3501.3,3502.0,3501.0,3502.0,21477,0
2026-08-11 12:26:00,3502.0,3503.4,3501.8,3502.6,4364,0
2026-08-11 12:27:00,3502.8,3503.2,3502.6,3502.6,1578,0
2026-08-11 12:28:00,3502.6,3503.0,3502.1,3502.1,1513,0
2026-08-11 12:29:00,3502.2,3502.2,3501.0,3501.1,4205,0
2026-08-11 12:30:00,3501.1,3501.2,3501.0,3501.0,2986,0
2026-08-11 12:31:00,3501.0,3501.4,3500.7,3501.4,4244,0
2026-08-11 12:32:00,3501.4,3502.4,3500.5,3502.0,5051,0
2026-08-11 12:33:00,3502.2,3504.6,3502.0,3504.0,5202,0
2026-08-11 12:34:00,3504.6,3506.0,3504.0,3505.9,2404,0
2026-08-11 12:35:00,3505.9,3506.3,3504.4,3504.4,6725,0
2026-08-11 12:36:00,3504.5,3504.5,3504.0,3504.0,5508,0
2026-08-11 12:37:00,3504.1,3504.6,3504.0,3504.1,2613,0
2026-08-11 12:38:00,3504.1,3504.3,3502.8,3503.8,13742,0
2026-08-11 12:39:00,3502.8,3503.8,3498.4,3498.9,4287,0
2026-08-11 12:40:00,3498.9,3502.0,3498.4,3501.3,6248,0
2026-08-11 12:41:00,3501.3,3501.7,3501.0,3501.4,1077,0
2026-08-11 12:42:00,3501.4,3504.1,3499.6,3503.6,8296,0
2026-08-11 12:43:00,3503.6,3504.0,3500.8,3501.2,28187,0
2026-08-11 12:44:00,3501.2,3501.3,3500.0,3500.5,1748,0
2026-08-11 12:45:00,3500.3,3500.5,3499.2,3499.5,1727,0
2026-08-11 12:46:00,3499.5,3499.6,3496.7,3497.5,4860,0
2026-08-11 12:47:00,3497.1,3498.3,3496.6,3496.9,2593,0
2026-08-11 12:48:00,3497.3,3497.7,3491.8,3492.8,11712,0
2026-08-11 12:49:00,3492.8,3496.8,3491.3,3496.0,14150,0
2026-08-11 12:50:00,3495.6,3495.9,3485.9,3487.7,18168,0
2026-08-11 12:51:00,3487.8,3489.1,3478.4,3482.6,19565,0
2026-08-11 12:52:00,3482.6,3482.6,3478.0,3479.0,7371,0
2026-08-11 12:53:00,3479.0,3479.9,3475.2,3475.4,9936,0
2026-08-11 12:54:00,3476.0,3479.9,3475.4,3478.1,4966,0
2026-08-11 12:55:00,3479.7,3481.3,3477.3,3477.3,5453,0
2026-08-11 12:56:00,3478.6,3478.6,3474.0,3474.0,6772,0
2026-08-11 12:57:00,3474.0,3474.3,3471.0,3471.6,9976,0
2026-08-11 12:58:00,3471.5,3473.5,3470.5,3472.8,9433,0
2026-08-11 12:59:00,3472.8,3474.4,3472.0,3472.3,5570,0
2026-08-11 13:00:00,3472.3,3472.7,3470.6,3471.9,10233,0
2026-08-11 13:01:00,3471.9,3472.5,3470.2,3471.6,10848,0
2026-08-11 13:02:00,3472.3,3474.6,3471.5,3474.6,6859,0
2026-08-11 13:03:00,3474.2,3477.7,3474.1,3475.9,12467,0
2026-08-11 13:04:00,3475.7,3476.2,3475.0,3475.7,2058,0
2026-08-11 13:05:00,3475.7,3476.4,3471.7,3471.7,16247,0
2026-08-11 13:06:00,3472.2,3475.4,3471.3,3474.9,7762,0
2026-08-11 13:07:00,3474.9,3476.0,3474.3,3475.5,2099,0
2026-08-11 13:08:00,3475.2,3475.8,3475.0,3475.6,2215,0
2026-08-11 13:09:00,3475.2,3476.0,3474.9,3475.0,3375,0
2026-08-11 13:10:00,3475.0,3480.5,3474.5,3477.0,20088,0
2026-08-11 13:11:00,3477.1,3478.0,3476.0,3476.9,6213,0
2026-08-11 13:12:00,3476.9,3477.0,3472.6,3473.5,3293,0
2026-08-11 13:13:00,3473.5,3477.0,3473.1,3475.7,4499,0
2026-08-11 13:14:00,3476.1,3477.7,3475.4,3476.5,4741,0
2026-08-11 13:15:00,3476.9,3477.4,3474.0,3475.6,5964,0
2026-08-11 13:16:00,3475.5,3476.2,3474.1,3474.5,2374,0
2026-08-11 13:17:00,3474.0,3477.0,3474.0,3475.6,7326,0
2026-08-11 13:18:00,3475.5,3477.0,3475.5,3476.9,2681,0
2026-08-11 13:19:00,3476.9,3477.9,3476.6,3477.9,2424,0
2026-08-11 13:20:00,3477.4,3482.6,3477.2,3481.4,8315,0
2026-08-11 13:21:00,3481.7,3481.7,3477.1,3478.1,6739,0
2026-08-11 13:22:00,3478.1,3478.3,3475.4,3476.7,3684,0
2026-08-11 13:23:00,3476.7,3477.9,3475.8,3477.8,2064,0
2026-08-11 13:24:00,3477.8,3479.6,3477.4,3479.6,3272,0
2026-08-11 13:25:00,3479.0,3481.7,3479.0,3481.7,5252,0
2026-08-11 13:26:00,3480.5,3483.5,3480.5,3481.6,10691,0
2026-08-11 13:27:00,3482.6,3483.5,3480.0,3481.8,12909,0
2026-08-11 13:28:00,3481.8,3482.3,3479.5,3479.8,3455,0
2026-08-11 13:29:00,3479.8,3480.2,3477.9,3478.8,1749,0
2026-08-11 13:30:00,3478.0,3479.4,3477.5,3478.2,1941,0
2026-08-11 13:31:00,3477.5,3479.4,3477.4,3478.4,2011,0
2026-08-11 13:32:00,3478.9,3478.9,3478.2,3478.4,1333,0
2026-08-11 13:33:00,3478.6,3478.9,3478.2,3478.9,1816,0
2026-08-11 13:34:00,3478.9,3479.3,3478.5,3479.1,2406,0
2026-08-11 13:35:00,3479.3,3479.5,3478.6,3479.1,1480,0
2026-08-11 13:36:00,3479.1,3479.4,3478.3,3478.7,3399,0
2026-08-11 13:37:00,3478.7,3478.9,3477.9,3477.9,1376,0
2026-08-11 13:38:00,3478.2,3478.4,3476.8,3477.0,2807,0
2026-08-11 13:39:00,3477.0,3479.7,3476.5,3477.3,3890,0
2026-08-11 13:40:00,3477.3,3477.4,3475.3,3477.0,3355,0
2026-08-11 13:41:00,3477.0,3477.3,3476.1,3476.5,3347,0
2026-08-11 13:42:00,3476.8,3476.9,3476.0,3476.7,1630,0
2026-08-11 13:43:00,3476.2,3478.9,3475.0,3478.0,4213,0
2026-08-11 13:44:00,3477.1,3478.3,3477.0,3478.0,1270,0
2026-08-11 13:45:00,3477.9,3478.6,3476.9,3476.9,7123,0
2026-08-11 13:46:00,3477.1,3477.5,3475.9,3476.4,2242,0
2026-08-11 13:47:00,3477.3,3477.7,3476.3,3477.4,2259,0
2026-08-11 13:48:00,3477.4,3477.4,3473.9,3474.0,4886,0
2026-08-11 13:49:00,3474.0,3474.1,3472.0,3472.4,3049,0
2026-08-11 13:50:00,3472.4,3472.4,3471.0,3471.3,3204,0
2026-08-11 13:51:00,3471.3,3471.5,3470.0,3470.0,7127,0
2026-08-11 13:52:00,3470.5,3471.0,3465.8,3467.8,8685,0
2026-08-11 13:53:00,3467.2,3468.0,3466.2,3466.8,3175,0
2026-08-11 13:54:00,3467.5,3468.0,3466.7,3467.9,2990,0
2026-08-11 13:55:00,3467.9,3468.0,3466.5,3468.0,3548,0
2026-08-11 13:56:00,3467.0,3468.0,3466.4,3467.0,2572,0
2026-08-11 13:57:00,3467.0,3467.0,3466.1,3466.7,2462,0
2026-08-11 13:58:00,3466.7,3467.0,3465.7,3466.5,2527,0
2026-08-11 13:59:00,3466.5,3467.0,3463.5,3464.6,6466,0
2026-08-11 14:00:00,3464.6,3466.4,3464.0,3465.2,10509,0
2026-08-11 14:01:00,3464.5,3465.5,3463.0,3463.0,6179,0
2026-08-11 14:02:00,3463.0,3467.9,3461.6,3465.0,23581,0
2026-08-11 14:03:00,3465.1,3467.8,3464.8,3467.4,2846,0
2026-08-11 14:04:00,3467.1,3468.3,3465.9,3466.4,3360,0
2026-08-11 14:05:00,3468.0,3469.4,3466.7,3468.3,2615,0
2026-08-11 14:06:00,3467.7,3468.5,3465.6,3466.5,5961,0
2026-08-11 14:07:00,3466.3,3471.6,3466.0,3470.1,13284,0
2026-08-11 14:08:00,3470.0,3471.4,3461.2,3462.9,15023,0
2026-08-11 14:09:00,3463.9,3466.5,3462.9,3463.7,3604,0
2026-08-11 14:10:00,3465.1,3465.9,3463.0,3464.0,3842,0
2026-08-11 14:11:00,3463.6,3464.9,3461.3,3462.5,4474,0
2026-08-11 14:12:00,3461.9,3465.0,3460.6,3464.6,5938,0
2026-08-11 14:13:00,3464.6,3465.0,3463.0,3464.8,2563,0
2026-08-11 14:14:00,3464.8,3465.0,3463.2,3463.2,2554,0
2026-08-11 14:15:00,3463.8,3463.8,3461.6,3462.9,5039,0
2026-08-11 14:16:00,3463.3,3464.0,3461.9,3462.5,4038,0
2026-08-11 14:17:00,3463.9,3466.8,3462.4,3465.4,4371,0
2026-08-11 14:18:00,3464.0,3466.7,3464.0,3465.0,2504,0
2026-08-11 14:19:00,3464.5,3465.0,3460.6,3462.3,2698,0
2026-08-11 14:20:00,3462.4,3463.8,3460.6,3461.6,3826,0
2026-08-11 14:21:00,3461.6,3463.9,3460.7,3461.8,3019,0
2026-08-11 14:22:00,3461.8,3462.1,3457.5,3459.0,7421,0
2026-08-11 14:23:00,3459.1,3459.8,3457.5,3458.2,3468,0
2026-08-11 14:24:00,3458.2,3460.0,3458.0,3459.0,2258,0
2026-08-11 14:25:00,3459.0,3460.0,3458.3,3459.2,2692,0
2026-08-11 14:26:00,3459.2,3461.2,3458.0,3459.0,13099,0
2026-08-11 14:27:00,3459.4,3460.0,3456.2,3457.6,12399,0
2026-08-11 14:28:00,3457.6,3458.5,3455.7,3457.2,6735,0
2026-08-11 14:29:00,3457.2,3459.2,3456.9,3459.0,3758,0
2026-08-11 14:30:00,3459.0,3459.7,3457.3,3458.5,4811,0
2026-08-11 14:31:00,3458.5,3460.0,3457.0,3458.5,7781,0
2026-08-11 14:32:00,3460.0,3460.0,3457.0,3458.3,5859,0
2026-08-11 14:33:00,3458.3,3458.8,3456.0,3456.8,3086,0
2026-08-11 14:34:00,3456.8,3458.0,3455.1,3456.8,3921,0
2026-08-11 14:35:00,3457.0,3458.7,3456.0,3458.0,4498,0
2026-08-11 14:36:00,3457.6,3460.5,3457.1,3459.6,5938,0
2026-08-11 14:37:00,3460.5,3461.9,3459.5,3461.9,3270,0
2026-08-11 14:38:00,3461.3,3466.8,3461.0,3466.2,10078,0
2026-08-11 14:39:00,3466.2,3467.4,3461.1,3464.6,18461,0
2026-08-11 14:40:00,3464.6,3466.8,3463.2,3466.3,7406,0
2026-08-11 14:41:00,3465.3,3468.8,3464.7,3465.2,8238,0
2026-08-11 14:42:00,3467.1,3470.3,3464.8,3469.3,31169,0
2026-08-11 14:43:00,3467.9,3471.9,3467.0,3471.0,9358,0
2026-08-11 14:44:00,3470.9,3471.4,3468.4,3469.0,8002,0
2026-08-11 14:45:00,3469.0,3470.8,3468.1,3469.0,13581,0
2026-08-11 14:46:00,3469.0,3470.3,3467.4,3469.0,7402,0
2026-08-11 14:47:00,3469.0,3470.2,3467.1,3467.2,7525,0
2026-08-11 14:48:00,3468.5,3469.7,3465.4,3465.5,7543,0
2026-08-11 14:49:00,3467.0,3470.9,3465.0,3468.0,10583,0
2026-08-11 14:50:00,3469.0,3469.5,3467.0,3468.6,6497,0
2026-08-11 14:51:00,3468.6,3474.0,3467.5,3468.3,20386,0
2026-08-11 14:52:00,3469.0,3469.8,3466.3,3468.2,17094,0
2026-08-11 14:53:00,3468.2,3471.3,3468.2,3470.0,5564,0
2026-08-11 14:54:00,3471.2,3474.6,3470.0,3472.0,6314,0
2026-08-11 14:55:00,3472.0,3473.3,3469.0,3469.4,26122,0
2026-08-11 14:56:00,3470.3,3474.9,3470.0,3472.5,6711,0
2026-08-11 14:57:00,3472.5,3474.2,3470.9,3473.2,5545,0
2026-08-11 14:58:00,3473.2,3474.9,3471.2,3471.2,5169,0
2026-08-11 14:59:00,3472.3,3473.1,3470.0,3470.8,8407,0
2026-08-11 15:00:00,3470.8,3473.0,3470.0,3470.6,12819,0
2026-08-11 15:01:00,3471.4,3472.0,3467.8,3470.0,16309,0
2026-08-11 15:02:00,3470.0,3471.4,3467.7,3468.1,10361,0
2026-08-11 15:03:00,3468.2,3470.6,3466.6,3469.0,9329,0
2026-08-11 15:04:00,3469.0,3472.0,3467.6,3470.1,12815,0
2026-08-11 15:05:00,3471.4,3472.1,3465.2,3467.1,20775,0
2026-08-11 15:06:00,3468.1,3472.3,3466.9,3470.6,10286,0
2026-08-11 15:07:00,3470.6,3474.6,3468.0,3468.6,12445,0
2026-08-11 15:08:00,3468.6,3471.7,3465.2,3466.1,11900,0
2026-08-11 15:09:00,3466.1,3466.1,3460.8,3463.6,9584,0
2026-08-11 15:10:00,3463.6,3471.1,3463.1,3470.1,11308,0
2026-08-11 15:11:00,3470.2,3470.4,3465.1,3466.2,14821,0
2026-08-11 15:12:00,3467.0,3469.7,3464.7,3466.6,13842,0
2026-08-11 15:13:00,3466.8,3469.0,3465.0,3465.1,12206,0
2026-08-11 15:14:00,3466.1,3480.3,3460.0,3468.8,19992,0
2026-08-11 15:15:00,3468.8,3468.8,3468.8,3468.8,0,0
2026-08-11 15:16:00,3468.8,3468.8,3468.8,3468.8,0,0
2026-08-11 15:17:00,3468.8,3468.8,3468.8,3468.8,0,0
2026-08-11 15:18:00,3468.8,3468.8,3468.8,3468.8,0,0
2026-08-11 15:19:00,3468.8,3468.8,3468.8,3468.8,0,0
2026-08-11 15:20:00,3468.8,3468.8,3468.8,3468.8,0,0
2026-08-11 15:21:00,3468.8,3468.8,3468.8,3468.8,0,0
2026-08-11 15:22:00,3468.8,3468.8,3468.8,3468.8,0,0
2026-08-11 15:23:00,3468.8,3468.8,3468.8,3468.8,0,0
2026-08-11 15:24:00,3468.8,3468.8,3468.8,3468.8,0,0
2026-08-11 15:25:00,3468.8,3468.8,3468.8,3468.8,0,0
2026-08-11 15:26:00,3468.8,3468.8,3468.8,3468.8,0,0
2026-08-11 15:27:00,3468.8,3468.8,3468.8,3468.8,0,0
2026-08-11 15:28:00,3468.8,3468.8,3468.8,3468.8,0,0
2026-08-11 15:29:00,3460.1,3460.1,3460.1,3460.1,56931,0
